4.54000
5.30000
2.62000
5.12000
4.64000
5.24000
4.54000
4.38000
4.56000
4.90000
5.58000
4.22000
5.68000
5.38000
4.62000
6.86000
5.56000
5.34000
5.46000
5.08000
4.82000
4.78000
5.02000
4.86000
4.40000
4.54000
4.72000
5.16000
5.66000
4.96000
4.74468
5.00000
4.74000
4.72000
4.94000
5.04000
4.62000
5.30000
4.42000
4.56000
5.12000
4.78000
5.42000
5.82000
5.14000
5.48000
4.96000
5.08000
4.66000
5.16000
4.98000
5.06000
5.22000
5.64000
5.70000
6.04000
5.92000
6.06000
6.02000
6.40000
6.00000
5.06000
7.14000
5.28000
5.98000
5.10000
5.66000
5.64000
5.86000
4.88000
5.44000
5.14000
6.20000
4.38000
5.94000
5.72000
4.96000
6.72000
4.72000
4.24000
5.10000
4.98000
4.12000
5.70000
4.98000
4.52000
5.80000
5.02000
5.82000
4.60000
5.74000
5.04000
6.38000
6.18000
5.16000
5.66000
5.04000
5.72000
5.12000
4.90000
5.12000
4.74000
4.98000
4.76000
4.76000
5.10000
4.86000
4.50000
4.98000
4.62000
4.72000
4.36000
4.80000
4.56000
4.26000
4.86000
4.62000
4.58000
4.82000
4.84000
5.02000
4.88000
4.82000
4.94000
5.24000
5.14000
4.72000
6.44000
6.10000
4.58000
5.10000
4.68000
2.54000
5.24000
4.94000
6.68000
6.56000
3.69388
6.24000
2.60000
5.16000
5.96000
5.32000
6.96000
3.58000
3.90000
5.40000
6.30000
5.66000
5.83673
5.53191
4.84000
7.16000
1.88000
1.83333
4.10204
5.64000
4.94000
5.96000
6.04000
5.62000
6.42000
6.67347
6.86000
6.54000
5.88000
2.32000
3.98000
6.22000
6.04000
7.32000
5.76000
5.53061
5.10000
5.80000
5.50000
4.86000
4.96000
5.70000
6.88000
6.66667
6.84000
3.16000
2.92000
5.59574
6.68000
2.68000
7.42000
7.56000
7.58000
3.18000
4.82000
3.59184
4.37500
6.24000
6.10000
6.48000
6.08000
6.36000
6.04000
5.80000
5.54000
6.02000
4.94000
6.00000
5.56000
5.38776
6.04000
5.98000
5.78000
6.82000
6.46000
6.32000
6.20000
6.24000
6.40000
5.48000
5.48000
5.30000
4.16327
4.92000
5.04000
5.54000
5.34000
6.00000
5.90000
5.78000
4.82000
2.84000
3.52000
2.72000
5.72000
5.90000
5.78000
5.60000
5.80000
5.50000
5.65957
5.02041
4.34000
5.42857
5.14000
5.22000
5.44898
4.84000
4.82000
5.10000
5.02000
5.89362
7.10000
5.78000
4.74000
5.08000
5.88000
6.40000
5.86000
6.54000
7.32000
6.95918
7.42000
7.14000
4.56000
6.14000
6.06000
6.58000
6.58000
6.24000
6.84000
6.53061
7.30000
5.04000
6.22000
5.34000
5.48000
5.48000
4.80000
6.06000
5.18000
6.18000
6.20833
4.75510
4.02000
4.70000
4.92000
4.30000
5.30612
7.53061
5.68000
5.72000
6.16000
3.56000
2.66000
5.26000
5.66000
5.08000
5.16000
5.98000
5.22000
5.76000
5.42000
3.40000
4.88000
4.28000
4.92000
5.26000
5.20000
4.94000
5.08000
5.00000
4.50000
3.80000
3.06000
4.88000
2.16000
4.66000
6.70000
6.98000
6.32000
6.20000
6.37755
6.50000
5.40000
6.18000
6.56000
6.08000
5.38000
5.48000
5.78000
4.76000
5.18000
4.98000
6.24000
5.56000
5.92000
4.28000
4.96000
5.86000
5.52000
6.26531
4.00000
4.92000
4.02000
6.80000
6.02000
5.30000
5.62000
5.60000
5.88000
4.88776
4.78000
4.80000
4.94000
4.96000
4.90000
5.48000
4.96000
3.90000
5.64000
5.08000
5.10000
6.60000
6.92000
5.20000
5.28000
5.46000
5.72000
5.66000
5.08000
4.96000
5.00000
5.22000
4.94000
5.52000
5.52000
4.72000
5.90000
5.40000
7.18000
6.22000
4.92000
5.18000
5.02041
5.10000
3.84000
4.00000
4.88000
5.10000
5.30612
4.74000
6.00000
5.88000
6.50000
5.58000
6.00000
5.96000
6.16000
6.26000
6.74000
5.62000
6.24490
4.70000
3.32000
5.48000
5.56000
5.28000
6.08000
4.58000
5.42000
5.32000
4.82000
5.94000
5.91837
4.58000
4.62000
6.40000
6.04000
6.48000
5.38000
4.96000
5.64000
5.18750
7.22000
7.66000
6.80000
5.78000
5.78000
6.52000
3.10000
6.02000
5.52000
6.76000
6.04000
6.74000
6.50000
6.38000
5.08000
6.28000
5.10204
4.84000
5.66000
5.68000
6.32000
6.51020
5.84000
5.86000
6.60000
5.44000
6.14000
5.52000
4.84000
5.55102
5.80000
5.56000
5.02000
5.12000
4.95918
5.60000
5.30000
5.22000
5.04000
5.22000
5.32000
5.34000
5.22000
5.70000
4.90000
4.82000
7.68000
5.84000
7.66000
2.30000
5.89796
5.68000
5.50000
2.32000
6.80000
6.68000
5.44000
5.12000
5.14000
5.78000
5.40000
5.78000
6.70000
5.68000
5.48000
5.38000
5.56000
3.10000
2.58000
2.82000
5.28000
5.34000
5.20000
6.24000
6.22000
6.48000
5.14286
4.93878
5.34000
3.65306
6.70000
5.14000
3.03030
3.42000
5.22000
4.96000
5.26531
4.56000
5.02000
5.34000
5.98000
5.12000
5.12000
5.34000
4.80000
4.86000
4.80000
3.52000
5.60000
5.16000
5.02000
5.20000
5.76000
5.60000
5.54000
5.62000
5.58000
5.84000
5.80000
5.46000
5.68000
4.54167
7.44000
6.00000
5.50000
5.88000
5.86000
5.91837
5.82000
6.16327
5.70000
5.52000
7.22000
7.12000
7.24490
5.94000
5.48000
6.04000
5.76000
6.26000
6.98000
6.66000
7.20000
5.70000
5.58000
6.36000
5.72000
5.04000
4.92000
4.50000
5.40000
4.00000
4.54000
5.34000
5.78788
6.36000
5.88000
6.22000
6.40000
5.52000
6.00000
5.16000
5.44000
5.34000
4.12000
5.84000
4.34000
5.72000
3.96000
3.00000
3.36000
3.00000
3.06000
3.14000
3.04000
6.20000
6.14000
5.82000
5.58000
5.40000
5.46000
5.50000
3.84000
4.92000
5.38000
4.48000
4.86000
6.38000
5.62000
5.60000
5.86000
5.70000
5.55102
2.42000
1.64000
2.72000
6.32000
6.32000
6.14000
5.52083
4.18000
6.60000
5.22000
5.44000
5.52000
5.86000
3.90000
3.87755
6.74000
7.12000
6.82000
6.58000
5.22000
4.80000
2.59184
4.46939
5.42000
4.78000
6.22000
6.32000
4.76000
5.20000
5.36000
4.85714
5.26000
5.24000
6.14000
5.66000
5.56000
3.86000
2.56000
6.31250
5.60000
5.00000
5.28000
6.54000
6.66000
2.40000
5.44000
6.42000
5.96000
5.62000
5.62000
5.68000
5.56000
5.66000
6.06122
4.72000
4.96000
5.08163
5.28571
4.81633
6.20000
5.64000
4.16000
4.90000
4.78000
6.18000
6.24000
6.46000
5.06000
5.30000
6.18000
4.92000
5.70000
6.30000
4.61224
5.50000
4.82000
5.58000
6.06122
2.42000
2.52000
2.46000
6.62000
5.56000
5.48000
5.98000
5.54000
6.00000
5.54000
6.00000
5.80000
5.80000
5.85714
4.12000
6.72000
7.16000
7.82000
7.48000
5.70000
5.90000
5.78000
4.92000
4.44000
5.78000
5.98000
6.08000
5.88000
4.56000
5.44000
5.98000
5.04000
6.66000
5.06000
5.50000
6.40000
6.26000
5.88000
5.98000
4.38000
4.74000
5.96000
6.22000
5.66000
6.00000
6.00000
6.16000
5.85714
6.94000
4.94000
6.58000
6.00000
5.10000
5.05000
5.68000
5.10000
6.14000
6.22000
3.14000
3.98000
5.14000
5.48980
5.74000
7.86000
7.38000
7.18000
5.78000
6.18000
4.22000
5.94000
7.60000
2.92000
4.84000
3.62000
7.04000
5.12000
5.98000
5.54000
4.54000
5.44000
5.34000
5.42000
4.82000
5.08000
4.84000
4.86000
7.68000
5.04000
4.74000
5.00000
4.82000
4.78000
4.82000
4.64000
4.88000
4.92000
4.84000
4.68000
6.82000
6.28000
7.46000
7.28000
4.97917
5.18000
5.12000
5.42000
5.34000
5.78000
4.22000
6.46939
5.96000
3.61224
2.64000
3.82000
2.88000
5.64000
3.62000
5.58000
4.24000
4.44000
5.22000
5.42857
5.42000
3.74000
4.93878
4.76000
6.68000
6.40000
6.52000
6.58000
6.18000
6.50505
3.89796
6.08000
5.14000
5.94000
5.48000
5.16000
5.86000
5.38000
4.94000
2.66000
6.86000
6.42000
6.16000
3.96000
4.94000
5.92000
5.06000
4.80000
5.84000
2.06000
5.92000
2.88000
5.70000
5.82000
5.58000
5.22000
5.86000
5.12000
4.24000
4.59184
5.30000
5.18000
5.16000
5.42000
5.18000
5.68000
4.96000
5.08000
5.84000
5.26000
5.18000
5.10000
4.16000
5.16000
5.56000
5.16000
5.38000
6.02000
6.14000
6.04000
2.52000
2.68000
5.30000
6.96000
5.60000
6.22000
5.44000
2.98000
3.78000
5.96000
4.86000
5.98000
5.04000
6.32000
4.78000
7.64000
5.68000
7.94000
6.60000
5.80000
6.00000
5.86000
4.82000
5.14286
5.58000
3.36000
4.20000
2.62000
2.56000
6.44000
4.40000
7.92000
7.76000
5.62000
5.00000
5.00000
5.70000
5.80000
5.82000
7.18000
5.42000
6.80000
6.16667
6.32000
5.36000
5.28000
5.04000
5.32000
5.92000
6.10000
5.60000
5.10000
3.08163
5.98000
3.89796
3.62000
6.28000
6.04000
5.94000
5.84000
5.28000
5.50000
5.62000
5.51020
5.79592
4.42000
6.20408
4.98000
5.24000
4.94000
5.84000
6.02041
6.08000
6.00000
6.70000
7.00000
6.45833
6.82000
6.14286
5.58000
6.06000
6.36735
6.50000
5.10000
4.78000
5.80000
6.56250
6.84000
6.30000
7.34000
4.42000
5.06000
4.96000
5.14000
5.32000
5.06000
4.54000
6.96000
7.20000
5.68000
4.94000
4.72000
6.10000
5.84000
5.08000
5.20000
5.26000
5.12000
5.22000
6.32000
5.44000
5.14000
5.51515
5.59184
7.18000
4.72000
5.24000
5.48000
5.02041
5.52000
2.50000
2.57143
5.10000
7.00000
5.16000
5.10000
5.52000
4.22000
5.52000
5.50000
5.96000
6.08000
4.67347
4.58000
4.31250
6.48000
5.30000
5.20833
5.26000
4.28000
6.00000
6.22000
6.38000
6.00000
5.70000
4.80000
6.72000
3.64000
4.88000
4.36000
7.56000
2.82000
4.98000
4.96000
4.60000
5.01000
5.22000
5.98000
5.54000
6.64000
6.96000
7.12000
7.78000
4.90000
4.98000
5.30000
4.92000
4.91837
4.54000
3.14000
2.76000
3.98000
5.22000
3.00000
5.04000
4.91667
4.86000
4.88000
6.26000
5.02000
4.56000
4.16327
4.20000
5.04000
2.82000
4.44000
6.54000
4.22000
5.04000
5.52083
3.04000
2.68750
2.76000
3.32000
5.72000
7.08000
7.78000
7.40000
7.62000
4.52000
2.58000
3.36735
4.06000
5.48000
5.33333
7.24000
4.78000
4.02000
3.64000
4.54000
6.02000
5.46000
5.50000
5.82000
5.84000
6.18000
3.82000
2.94000
7.24000
4.90000
4.48000
5.56000
5.18000
4.34000
4.26000
5.90000
5.66000
4.56000
4.31250
4.10638
5.02000
4.92000
4.42000
4.76000
5.18000
6.08000
6.44898
5.44000
5.54000
4.94000
4.68000
5.96000
5.24000
4.70000
5.66000
5.40000
4.54000
1.96000
2.24000
2.86000
5.60000
5.68000
5.20000
5.04000
5.18000
5.56000
5.30000
7.68000
3.74000
5.92000
5.86000
7.24000
6.62000
5.08000
7.28000
6.88000
5.12000
6.48000
5.00000
5.42000
6.08000
5.74000
5.30612
4.90000
4.96000
3.64000
3.04000
2.90000
6.82000
5.24490
5.28000
4.66000
4.68000
4.80000
5.04000
4.18000
5.76000
5.90000
4.12000
3.77551
5.62000
5.52000
4.44000
6.30000
6.12000
6.51020
4.60000
4.70213
5.30000
4.56000
5.50000
5.42000
6.24000
5.54000
5.52000
4.56000
6.24000
6.38000
6.16000
5.26000
5.64000
5.30000
5.54000
6.52000
6.68750
5.52000
6.34694
5.58000
5.76000
5.60000
3.62000
7.02000
6.10000
6.06000
4.90000
6.34000
5.04000
2.93750
6.86000
4.22000
3.98000
4.42000
6.22000
6.38000
6.28000
6.26000
5.51020
6.88000
6.00000
5.30000
5.18000
5.46000
7.28000
6.68000
6.28000
5.86000
6.04082
5.50000
5.36000
5.20000
5.22000
7.62000
7.14000
7.68000
5.30000
5.32653
6.04000
5.80000
5.78000
5.66000
5.36000
6.22000
5.58000
5.98000
5.68000
5.58000
4.89583
6.36000
2.54000
3.02000
4.56000
4.30000
4.40000
5.04000
5.08000
6.00000
5.54000
5.86000
5.34000
5.10417
7.22000
5.86000
6.98000
5.90000
5.44000
6.14000
5.14000
4.60000
3.14000
2.90000
6.32000
5.54000
5.56000
2.60000
5.10000
4.48000
4.88000
4.98000
5.02000
4.76000
6.20000
5.84000
5.32000
6.70000
5.54000
6.84000
5.08000
5.54000
6.06000
5.50000
3.54000
3.78000
6.22000
5.94000
5.62000
6.24000
5.12000
4.62000
3.36000
5.58000
3.06000
3.08000
4.00000
4.67347
5.26531
5.89796
5.70000
6.88000
2.82000
4.62000
6.18000
2.44000
2.84000
5.02000
2.92000
2.90000
4.35417
2.88000
2.78000
3.34000
4.34000
2.93478
5.10000
5.02000
4.86000
4.22000
5.94000
5.64000
5.42000
5.08000
4.56000
4.44000
3.36000
4.86000
4.58000
4.24000
5.38000
5.10000
6.56000
7.91837
7.76000
5.68000
6.28000
6.18000
5.90000
6.40000
5.62000
4.72917
4.98000
3.96000
4.70000
4.92000
5.12000
5.12000
5.08000
4.58000
5.02000
5.12000
4.80000
5.10000
5.20000
5.68000
5.64000
5.00000
5.74000
6.78000
5.80000
3.43750
7.58000
7.56000
6.28571
5.41667
5.44000
5.55102
5.30000
5.06000
5.32000
6.08000
5.74000
5.14000
5.60000
5.12245
5.74000
5.42000
6.36000
5.14000
4.22000
5.46000
5.28571
6.00000
5.42000
6.80000
6.62000
5.38000
6.26000
5.34000
4.90000
4.94000
5.56000
6.04000
5.62000
3.42000
5.08000
5.98000
5.84000
5.72000
3.24000
2.88000
1.54000
5.34000
5.18000
6.70833
6.66667
7.52000
4.82000
3.32000
5.48000
3.48000
5.56000
6.74000
5.50000
5.18000
5.92000
5.16327
4.84000
5.36000
5.36000
6.60000
5.46000
4.18000
3.22000
6.72000
5.58000
5.00000
5.72000
4.06122
5.54000
6.02000
6.64000
6.82979
6.66000
5.10000
5.78000
7.36000
7.06000
7.34000
5.02000
5.10000
5.30000
7.10000
5.52000
5.44000
5.60000
5.42000
5.94000
6.02083
5.44000
5.26000
5.46000
5.46000
5.20000
5.26000
6.26000
5.34000
7.20000
5.38000
5.66000
5.02000
4.82000
5.58000
7.42000
6.04000
3.50000
5.40000
6.34000
6.64000
5.74000
5.62000
5.52000
5.42000
6.14000
5.54000
5.30000
6.54000
6.10000
3.54000
5.22000
4.54000
4.88000
4.82000
5.46000
5.73469
3.24000
4.96000
5.04000
6.14000
6.16000
4.78000
4.32000
4.00000
5.46939
5.88000
7.98000
7.80000
8.00000
8.02000
6.02000
5.12000
5.10000
2.94000
5.16162
5.68000
5.30000
5.60000
5.60000
5.42000
5.44000
5.66000
6.08000
5.78000
5.10000
6.20000
5.58000
6.40000
6.06000
6.06000
6.60000
6.18000
4.96000
5.08000
5.18000
5.16000
3.54000
4.53061
5.44000
5.30000
5.50000
5.78000
5.46000
5.74000
6.10000
5.40000
6.52000
6.82000
7.64000
7.32000
7.26000
6.44000
5.18000
6.18000
5.56000
5.06000
5.06000
5.80000
5.50000
5.72000
3.46000
5.18000
5.54000
6.12000
5.60000
5.92000
5.68000
5.76000
5.62000
5.56000
5.78000
4.90000
5.04000
5.64000
3.94000
6.40000
5.22000
5.62000
5.50000
7.06000
6.66000
5.24000
5.44000
4.94000
4.28571
4.70000
6.42000
6.62000
4.82000
5.48000
6.08000
2.44000
2.58000
2.26000
6.10000
5.34000
5.20000
5.84000
6.34000
6.14000
6.29167
7.46000
7.58000
6.88000
6.22000
5.74000
4.18000
4.04000
6.14286
7.50000
7.28000
7.04000
6.30000
5.54000
5.64000
5.34694
5.58000
5.46000
5.84000
5.94000
6.40000
6.31250
5.92000
6.18000
5.75510
5.92000
7.24000
6.60000
6.84000
7.12000
7.14000
5.74000
6.10000
5.06000
5.90000
4.76000
4.38000
5.32000
5.40000
5.18000
5.64000
5.42000
6.50000
4.53061
7.86000
6.24000
6.04000
6.08163
3.30612
2.94000
5.94000
4.16000
6.40000
5.66000
5.88000
5.22000
6.16000
6.30000
5.92000
6.02000
5.50000
7.96000
5.56000
5.86000
3.79167
5.46000
5.30000
4.90000
4.88000
5.48000
5.70000
4.73469
4.86000
5.38776
3.09184
3.30612
5.48000
6.94000
4.85714
5.58000
5.84000
5.10000
5.30000
5.64000
5.54000
4.86000
6.56000
4.58000
4.88000
5.58000
4.72000
5.92000
6.10000
5.76000
5.88000
5.68000
5.56000
5.64000
5.64000
6.72000
5.18000
5.40000
4.72000
5.36000
6.48000
5.38000
5.52000
5.84000
6.58000
6.58000
5.18000
5.34000
5.59184
6.72000
5.66000
4.97959
5.50000
6.90000
6.54000
5.60000
6.30000
6.30000
6.18000
5.28571
5.40816
4.96000
7.06000
5.72000
5.58000
5.56000
5.10000
5.80000
5.68000
6.36000
6.04082
4.73469
4.16000
4.68000
5.68000
5.26000
5.36000
5.36000
4.52000
4.97959
5.62000
4.94000
3.66000
5.64000
5.82000
5.18000
3.96000
5.93878
6.46000
6.60000
5.62000
6.34000
4.98000
5.64583
6.22000
5.86000
6.34000
6.08000
4.92000
5.18000
4.76000
4.94000
5.90000
5.76000
5.52000
4.96000
5.46000
6.44000
6.08000
2.54000
4.80000
4.51020
5.28000
5.38000
5.00000
7.18000
2.96000
5.64000
5.14000
6.54000
6.78000
4.82000
4.22000
4.04000
5.04000
5.02000
5.30000
2.90000
5.18000
5.78000
6.36000
5.66000
5.96000
6.10000
5.92000
6.23404
6.94000
6.34000
4.04167
5.12000
4.74000
4.96000
5.36000
5.46000
5.56250
7.00000
5.84000
6.02041
7.00000
6.58000
7.02000
5.34000
5.44000
5.86000
5.48000
5.56000
5.60000
5.42000
3.20000
6.14000
6.06000
5.60000
5.64000
5.82000
7.98000
5.12000
5.58000
7.50000
7.32000
7.20000
7.18000
7.08000
6.88000
5.28000
5.84000
4.54000
4.46939
5.26000
5.00000
4.96000
5.58000
5.62000
5.32000
4.60000
4.42000
5.76000
5.10000
5.08000
6.32000
6.38000
5.12000
5.06000
4.92000
5.80000
5.64000
6.30000
6.66000
6.52000
5.82000
4.32000
5.98000
6.28000
5.22000
5.38000
5.26000
7.24000
5.44000
4.96000
5.34000
5.59184
5.60417
5.32000
4.98000
5.36735
6.82000
4.44898
6.52000
5.66000
6.66000
5.02000
5.64000
5.46000
4.38000
3.16000
2.90000
2.82000
2.86000
3.04000
6.74000
6.82000
6.34000
6.78000
5.04000
5.14286
3.34000
3.65306
5.56250
5.77551
6.06000
6.42000
6.06000
5.48000
5.52000
6.10000
5.42000
5.42000
4.63265
7.24000
7.10000
3.70000
5.26000
6.28571
5.74000
5.85714
5.85417
6.00000
5.48000
5.90000
6.02000
4.04000
4.22000
4.24490
4.06000
6.94000
6.98000
5.92000
5.66000
5.66000
5.90000
5.60000
3.00000
4.72000
4.78000
3.40000
5.14000
5.46000
5.84000
5.42000
5.26000
4.78000
7.22000
7.10000
5.41667
3.44000
6.72000
3.10000
2.96000
3.56000
2.98000
3.56000
3.32000
7.50000
8.00000
5.28000
4.34000
4.58000
5.10417
4.54000
5.86000
6.34000
5.56000
5.82000
6.30612
5.04082
5.40000
6.00000
6.14000
6.40000
5.40000
6.08000
5.94000
4.36000
4.02000
5.04167
6.60000
4.54000
4.08000
5.56000
6.26000
5.75000
6.12000
6.02041
5.90000
5.60000
5.44000
5.46000
5.82000
5.65000
5.58000
3.28000
5.92000
5.30000
5.36000
5.59184
5.40816
6.24000
5.86000
4.42000
5.85106
5.83673
5.64000
5.48000
5.60000
5.30612
5.50000
5.56000
5.10000
4.86000
6.08000
6.22000
5.70000
5.12000
5.78000
5.71429
5.86000
6.02000
5.56000
5.78000
5.18000
4.92000
6.00000
5.94000
5.81250
5.76000
5.20000
5.66000
5.76000
6.32653
6.14286
5.46000
5.36000
4.24490
4.94000
6.50000
6.04000
6.38000
6.42000
6.22000
5.98000
5.38000
4.40000
4.42000
5.02000
3.68000
6.74000
5.48000
5.02000
6.24000
6.30000
5.66667
5.26000
3.20000
4.10000
5.78000
5.96000
5.06000
6.64000
6.54000
7.10000
7.28000
7.08000
7.20000
6.28000
6.78000
5.16000
6.98000
6.86000
5.88000
4.44000
5.44000
5.08000
5.28000
6.18367
5.12000
5.38000
5.14286
5.62000
5.08000
5.38000
6.64000
5.30000
4.74000
5.02083
5.12000
4.98000
4.70000
5.06000
4.50000
4.70000
2.55102
7.02000
5.58000
4.44000
6.94000
5.69388
5.94000
5.30000
5.76596
2.14000
4.70000
5.14000
5.00000
6.56000
4.10000
3.80000
6.26000
6.72000
6.22000
6.06000
3.26000
5.52000
4.75510
4.48980
3.32000
3.58000
4.94000
5.26000
5.50000
5.08000
5.44000
5.22000
5.22000
5.68000
6.28000
5.86000
5.30000
5.30000
5.48000
7.30000
6.50000
6.56000
7.46000
5.42000
5.80000
3.78000
4.44000
6.74000
4.24000
6.42000
6.50000
5.32000
5.66000
5.92000
5.36000
5.60000
5.82000
2.78000
6.24000
6.22000
4.76000
6.94000
3.72000
3.97917
4.00000
6.38298
6.38000
5.28000
3.34000
2.98000
2.60000
2.46000
3.28000
4.92000
4.46000
4.84000
5.18000
4.64000
6.80000
6.82000
6.06000
6.02000
6.72000
6.78000
7.40000
5.30000
5.98000
5.86000
5.86000
6.06000
3.82000
4.00000
3.46000
5.12000
5.60000
5.50000
5.80000
6.14000
2.20000
2.92000
2.20000
2.14000
1.98000
6.00000
2.48000
5.54000
5.20408
3.36000
3.74000
3.22000
3.10000
3.02000
3.80000
3.70000
6.16327
6.08163
4.68000
4.70000
5.34000
5.84000
5.42000
4.14000
3.71429
4.46000
6.62000
4.52000
3.60000
1.84000
6.70000
4.08000
4.56000
5.12000
3.54000
1.84000
3.18750
2.04000
6.54000
4.72000
5.02000
4.98000
5.54000
5.52000
4.86000
7.32000
4.94000
6.46000
6.40000
6.18000
6.72000
6.51020
4.82000
5.48000
5.20000
5.16000
5.28000
5.66000
7.50000
7.70000
4.68000
7.14000
6.36000
6.66000
5.58000
5.34000
5.32000
5.38000
5.84000
2.64000
3.12245
5.02041
5.44000
5.10000
5.86000
6.42000
4.40000
4.36000
5.94000
5.66000
6.10000
5.36000
3.42000
7.52000
7.62000
7.10000
3.64000
4.08000
4.68000
5.88000
5.62000
5.40816
5.26000
5.16000
4.72000
4.84000
4.98000
4.92000
4.51020
7.02000
7.00000
7.02000
6.96000
4.74000
3.96000
4.74000
5.40000
5.26000
5.20000
4.84000
2.58000
2.48000
2.96000
5.54000
3.36000
2.98000
3.26000
4.96000
5.40000
7.36000
7.22449
6.86000
6.70000
7.42000
7.08000
4.36000
2.82000
2.44000
5.54000
4.78000
5.58000
4.91837
4.60000
5.20000
3.82000
3.57143
3.94000
3.64000
3.82000
7.22000
4.20000
4.98000
5.00000
5.36000
4.88000
4.76000
5.70000
5.68000
6.32000
5.00000
6.42000
6.40000
4.84000
7.04000
5.90000
7.36000
5.30000
5.50000
5.10000
4.81633
6.54000
6.08333
6.24000
6.84000
5.76000
4.61224
5.22000
4.82000
2.00000
3.66000
2.89796
2.66667
6.32000
4.72000
4.74000
5.54000
6.50000
5.10000
5.28000
6.94000
7.10000
6.54000
1.54000
1.64000
4.94000
5.12000
5.18000
2.90000
6.14000
5.38000
5.20000
4.84000
3.08000
3.46939
6.34000
6.22000
3.38776
5.84000
5.94000
4.92000
5.06000
5.58000
5.44000
5.98000
5.57447
5.28000
3.08000
3.16000
4.12500
3.58333
6.82000
6.66000
5.04000
5.59574
5.95833
5.38000
5.74000
5.85714
5.32000
5.76000
4.96000
4.20000
3.20000
2.74000
3.20833
3.10204
5.38776
5.22000
3.90000
4.26000
5.28000
5.22000
5.18000
4.00000
3.48980
3.08000
5.34043
5.77551
6.36000
6.20000
5.80000
5.40000
6.26000
5.68000
4.82000
4.98000
4.67347
4.89796
5.12000
4.88000
5.12000
5.58000
3.38000
3.24000
3.44000
3.64000
3.36000
5.93878
7.92000
7.77551
6.24000
6.42000
6.02000
5.98000
5.34694
5.36000
4.84000
4.14000
4.10000
3.70000
3.98000
4.82000
2.82000
5.48000
6.36000
5.18000
6.32000
5.50000
2.91667
2.64000
5.52000
5.70000
5.87755
5.22000
5.44000
3.56000
2.54000
4.98000
5.06122
5.42000
5.56522
3.36000
4.88000
5.34000
3.44000
3.74000
5.26000
5.08000
5.57143
4.76000
5.24000
4.67347
4.52000
4.74000
4.72000
4.54000
6.36000
6.64000
5.16000
2.18000
1.90000
1.98000
5.54167
5.22449
4.68000
4.88000
5.42000
4.78000
5.66000
5.58000
5.76000
5.62000
5.79592
5.84000
4.84000
4.40000
6.40000
6.08000
5.88000
6.32000
5.64000
6.30000
6.32000
6.38000
6.22000
7.08163
6.68000
6.60000
6.73469
5.26000
5.84000
2.82000
3.12000
2.70000
3.54000
4.48000
7.28000
6.40000
5.96000
5.22449
6.12245
2.52000
2.04000
2.26000
4.80000
5.82000
5.72000
5.74000
5.26000
4.80851
5.38000
7.00000
5.80000
6.50000
5.68750
4.40000
6.26000
6.36000
5.70000
5.46000
6.02000
6.38000
5.66000
6.24000
5.54000
5.92000
2.24000
2.84000
7.16000
6.32000
6.34000
5.22000
4.80000
4.78000
4.84000
5.20000
3.98000
5.02000
5.92000
5.56000
5.98000
5.46000
7.52000
7.68000
5.76000
5.16000
5.90000
5.94000
5.26000
5.62000
4.66667
4.39583
4.62000
6.16000
5.58000
5.16000
4.80000
4.00000
4.00000
1.74000
1.56000
5.06000
2.08000
4.62000
4.86000
4.58000
4.78000
4.60000
5.38000
5.10000
5.24490
3.18000
3.08000
3.38000
5.06000
4.90000
5.66000
4.88000
5.00000
5.26000
6.12000
6.92000
5.12000
3.90000
6.20000
5.79592
5.75510
5.83673
6.06000
4.30612
6.70000
5.34000
6.48000
4.94000
7.40000
5.16000
4.94000
6.56000
5.74000
5.28000
5.82000
5.24000
4.58333
3.55102
5.68000
5.46000
5.54000
5.26000
5.56000
5.80000
5.92000
3.70000
3.20000
4.18000
2.82000
3.68000
3.65306
3.43750
2.26000
1.96000
5.70000
4.04000
5.30612
4.92000
5.02000
6.28000
3.38000
7.20000
4.91837
6.84000
7.00000
6.54000
2.82000
5.96000
5.56000
5.76000
5.70000
5.66000
2.00000
1.88000
2.72000
4.59184
2.58000
6.12000
5.36000
2.88000
3.14000
6.62000
3.14000
3.16000
5.62000
5.89796
4.50000
5.30612
3.54000
2.89796
3.42857
4.50000
4.02041
6.06000
6.38000
6.24000
5.88000
5.72000
6.36000
2.70000
5.46000
5.40000
5.14000
5.08000
3.40816
4.60417
4.34000
5.64000
5.86000
5.81633
4.28571
4.36000
5.90000
6.14000
7.26000
4.36000
4.86000
2.18000
5.55102
3.93878
5.86000
4.94000
5.08163
4.93878
5.40000
4.20000
5.76000
5.04000
4.82000
5.34000
5.54000
5.38000
5.40000
6.40000
5.02000
5.90000
4.68000
5.22000
4.71429
3.62000
3.90000
5.16327
6.70000
5.18750
6.71429
6.78000
5.24000
5.50000
4.92000
6.02000
7.02000
7.30000
5.89796
4.76000
4.92000
5.54000
5.45833
5.46000
5.18750
4.04000
4.98000
3.70000
5.48000
6.74000
6.88000
6.56000
5.20000
6.54000
4.50000
5.24000
3.70000
4.93750
3.12245
5.38000
5.44000
5.65306
3.50000
5.26000
5.26000
5.32000
5.16000
4.56250
5.28000
5.80000
3.16000
5.92000
3.30000
5.08000
6.20408
5.24000
7.04082
4.74000
3.66000
6.02000
6.30000
6.22000
6.16000
4.00000
5.16000
5.78000
5.02000
5.46000
5.70000
5.10000
5.02000
4.14000
5.74000
4.12500
5.30000
5.22000
5.26000
5.34000
6.44000
5.44681
6.58000
6.40000
5.66000
6.18000
4.89796
3.20000
7.10000
6.86957
6.80000
7.26000
7.44000
6.60000
6.36000
6.62000
5.66000
4.96000
4.75510
4.88000
6.36000
5.65306
6.14000
6.74000
4.66000
4.93878
6.08000
5.96000
5.70000
5.24000
5.78000
5.88000
6.18000
4.81633
4.30000
3.88000
4.34000
4.02000
4.96000
5.26000
2.89796
2.16000
2.44000
3.20000
2.66000
5.98000
6.46939
3.88000
3.53061
4.64000
5.16000
4.88000
5.38776
5.54000
6.18000
5.80000
5.62000
4.22000
4.83673
4.22449
4.96000
4.36000
4.90000
5.12000
3.24000
4.42000
3.06000
2.84000
4.68000
4.48000
5.42000
4.57143
5.20000
5.18182
4.86000
5.68750
3.60000
3.91667
5.62000
4.82000
4.70000
6.66000
6.24000
5.72000
5.46939
2.10000
6.90000
6.18750
5.04167
4.72000
6.56000
5.40000
6.54000
6.18000
6.16000
5.54000
5.44000
5.40000
5.70000
5.66000
7.50000
7.08000
6.94000
7.52000
6.94000
6.30000
5.72000
6.44000
1.90000
6.52000
7.56000
7.02000
5.82000
6.88000
5.76000
5.20408
6.76000
7.04000
6.12000
6.50000
5.82000
7.30000
6.44000
5.78000
5.98000
5.94000
5.93878
4.86000
5.36000
4.76000
5.20000
4.92000
4.38000
7.20408
5.16000
5.14000
6.51020
4.98000
5.10417
5.60000
6.24000
5.36000
5.24000
5.04000
5.30000
5.52000
5.50000
5.64000
5.34000
5.32000
5.44000
4.80000
7.28571
6.88000
6.40000
5.26000
4.98000
4.90000
4.98000
4.32000
5.16000
6.76000
6.44000
6.78000
5.50000
6.59184
6.79592
4.38000
5.86000
5.60000
4.87755
5.98000
6.02000
4.08163
6.26000
5.78000
4.54000
4.71429
5.30000
6.24000
6.00000
5.06000
5.36000
4.98000
4.98000
4.68000
5.10000
4.80000
4.90000
5.46939
5.24000
6.48980
4.88000
4.94000
5.12000
6.10000
5.18000
4.48000
5.66000
5.54000
6.10000
5.56000
6.40000
6.48000
6.96000
5.84000
5.70000
5.48000
6.79592
5.94000
5.30000
5.60000
6.66000
3.82000
3.38000
5.63830
6.14000
4.91837
5.36735
5.56000
5.16000
5.26000
5.24000
4.76000
4.86000
6.08163
4.78000
6.88000
6.54000
5.40000
6.22449
5.68000
3.06000
6.28000
5.32000
5.54000
4.85714
4.58000
5.76000
4.42000
6.18000
5.35417
5.68000
5.82000
5.28000
5.38776
6.34000
7.28000
5.74000
5.64000
5.71429
5.52000
6.36000
3.35417
3.56000
4.84000
6.16327
6.38776
6.56000
5.24000
5.48000
6.90000
6.98000
7.22000
4.36000
3.84000
4.02000
5.32000
5.14000
5.74000
5.82000
3.78000
2.44000
2.64000
7.22000
4.10000
6.20000
6.16000
5.70000
6.30000
5.86000
6.02000
6.28000
5.14000
6.58000
7.66000
8.02000
7.84000
5.60000
5.46000
5.76000
6.12000
5.84000
5.82000
5.78000
6.24000
5.68000
6.10000
7.62000
7.76000
7.46000
5.88000
5.60000
5.64000
5.66000
5.80000
5.74000
6.22000
6.42000
3.32653
5.42000
4.78000
6.30000
4.98000
5.76000
5.52000
4.96000
6.06000
7.08000
6.40000
5.46000
5.64583
6.32653
5.86000
5.92000
5.50000
4.54000
5.56000
4.10000
3.81633
6.20000
4.90000
5.08000
4.44000
3.42000
3.94000
2.60000
2.86000
4.80000
4.90000
5.64000
5.84000
4.76000
4.82000
5.40000
6.16000
5.62000
4.78000
4.76000
4.48000
5.02000
6.10000
6.02000
5.76000
4.84000
5.04000
5.90000
6.18000
5.80000
5.36000
5.28000
4.72000
6.20000
5.74000
4.98000
6.78000
5.28000
5.40000
5.58000
5.32000
4.96000
5.02000
5.14000
5.10000
5.18000
7.20408
6.96000
6.89583
6.20000
6.52000
5.84000
5.28000
4.80000
4.64000
5.08000
5.72000
6.40000
5.94000
5.52000
5.56000
5.32000
5.60000
5.24000
5.62000
5.44000
5.58000
6.42000
6.12000
6.26000
5.28000
5.42000
7.06122
5.64000
5.54000
6.20000
5.74000
6.12000
5.96000
5.96000
5.48000
5.76000
5.64000
5.66667
5.88000
1.90000
6.22000
4.44000
4.18000
6.04000
6.00000
4.18000
4.82000
5.16327
5.65306
5.58000
5.83673
3.78000
5.95745
8.18000
4.70000
5.48000
5.52000
5.22000
4.70000
5.68000
5.66000
7.62000
7.62000
7.58000
3.58000
6.48000
6.12500
4.58000
3.84000
4.98000
3.93878
3.10000
5.58000
5.00000
6.30000
6.39175
6.54000
3.14000
5.95833
6.58000
5.90000
6.34694
5.90000
5.18000
6.34000
4.78000
6.04000
5.88000
5.72000
6.30000
5.90000
5.46000
5.74000
6.58000
5.64000
6.34000
4.20000
3.96000
3.32000
3.54000
6.34000
6.82000
6.32000
5.76000
5.84000
6.18000
6.64000
6.28000
5.46000
5.98000
5.65957
5.56000
4.85106
5.38776
4.18000
6.36735
2.94000
5.48000
5.94000
4.20000
4.82000
6.04000
5.82000
6.18000
6.59574
6.00000
5.80000
6.10417
5.56000
5.52000
5.48000
5.10000
5.48000
6.52000
5.28000
7.50000
5.12000
5.70000
4.91837
6.14000
5.50000
6.24000
4.64000
4.80000
6.10000
5.98000
7.38000
6.12000
6.08000
5.24000
6.20000
5.76000
5.26000
5.26000
5.90000
5.10000
5.14000
5.08000
6.06000
5.50000
4.04082
4.34000
3.80851
4.06122
3.18000
1.96000
1.84000
2.52000
2.06000
2.06000
6.96000
5.97959
5.56000
6.28000
7.02041
5.08333
7.08000
7.51020
2.90000
4.04000
3.52000
4.08000
3.28000
3.60000
3.18000
5.08000
5.40000
6.50000
6.44000
7.54000
7.72000
6.48000
6.68000
6.66000
6.96000
7.02000
7.36170
7.78000
7.44000
4.38000
5.26000
3.86000
6.22000
6.88000
6.34000
6.41667
6.36000
5.14000
6.36000
6.44000
6.38000
3.24000
1.80000
4.78000
7.06000
6.74000
5.98000
6.82000
3.44000
5.96000
6.04000
6.00000
7.36000
6.92000
7.04000
6.60000
6.91837
7.16000
4.74000
4.94000
5.48000
4.32000
4.26000
4.96000
2.32000
3.14286
2.68000
7.48980
5.70000
6.52083
5.98000
5.90000
5.96000
5.78000
5.16000
5.08000
5.78000
4.94000
5.06000
4.61224
3.46000
6.42000
5.88000
6.30000
6.20000
5.90000
5.28000
5.70000
5.84000
5.50000
3.68000
5.58000
6.04000
3.22000
5.70833
5.53061
5.50000
5.48000
6.88000
6.60000
5.08000
5.98000
6.42000
7.70000
2.78000
4.50000
3.72000
5.10000
4.89796
5.78000
6.16000
5.95833
5.88000
5.92000
3.02128
3.87500
7.18000
5.85714
5.24000
5.71429
5.82000
2.70000
4.58000
2.76000
3.00000
5.50000
5.40000
5.86000
5.22000
4.84000
5.38000
4.92000
5.70000
5.52000
5.58000
5.51064
6.56000
7.22000
5.45833
2.82000
5.24000
5.02000
6.00000
5.58000
5.50000
4.90000
5.58000
5.42000
5.64000
6.00000
5.80000
5.52000
5.94000
6.74000
7.65957
5.36000
5.58000
5.98000
6.72000
6.78000
6.22000
5.34694
4.82000
3.80000
2.30000
6.66000
6.34000
6.00000
4.26000
7.14000
5.32000
5.54000
5.14000
6.82000
4.60000
6.58000
5.44000
6.18000
3.80000
3.96000
6.22000
6.92000
4.72000
5.78000
5.24000
5.06000
6.28000
6.02000
6.00000
4.92000
5.04000
6.26000
5.48936
4.60000
5.98000
5.77551
5.02000
5.06000
6.88000
3.98000
3.54167
5.04000
4.67347
5.88000
5.86869
5.34000
5.96000
3.60000
6.06000
5.98000
5.02000
5.00000
4.82000
5.70833
6.02000
6.40000
2.42000
5.16000
5.42000
5.92000
6.70000
5.55102
5.44000
7.88000
7.56000
6.30000
5.64000
5.78000
5.26000
2.40000
6.06122
4.06000
6.32000
6.24000
5.50000
4.74000
4.78000
6.12000
6.74000
3.50000
3.42857
4.90000
4.94000
4.93617
5.98000
6.04000
5.66000
5.46000
5.28000
5.64000
5.38000
5.06000
4.96000
7.44000
7.26000
3.30000
3.63265
4.28000
3.70213
3.28000
5.02000
5.68000
6.34000
5.50000
5.22000
3.36000
4.00000
3.16000
4.18000
5.62000
5.22000
5.92000
5.68000
6.68000
7.44681
6.46000
5.00000
3.22000
3.82000
6.44000
6.80000
6.84000
3.44000
3.18000
5.28000
4.93750
5.62000
5.56000
5.93939
5.58000
4.52000
4.30000
5.56000
4.66000
5.68000
3.54000
5.68000
5.74000
6.10000
7.30000
4.98990
5.94000
6.10000
5.12000
5.26000
3.10000
2.94000
6.54000
5.66000
6.22000
6.28000
5.88000
5.78000
6.68000
5.20000
5.85714
5.00000
5.46000
6.32000
4.92000
5.23404
3.83333
4.63265
5.54000
5.94000
6.32000
5.42000
5.32000
5.60000
5.94000
5.24000
2.30000
4.64000
4.66000
4.10000
4.22449
4.64000
5.04000
5.06000
7.96000
7.90000
6.08000
7.10000
5.86000
4.08000
3.22000
5.96000
5.60000
5.78000
5.50000
7.26000
6.18000
6.88000
7.10000
6.02000
5.70000
4.84000
7.66000
7.36000
7.66000
7.92000
7.96000
6.52000
3.44898
3.20408
4.96000
5.26000
5.18000
5.58000
5.86000
5.86000
4.69388
4.88000
3.24490
4.16000
4.38000
7.12000
7.30612
2.90000
2.34000
5.62000
4.86000
4.94000
4.14000
3.56000
3.33333
3.86000
4.64000
5.04000
5.16000
5.40000
4.64000
5.08000
4.40000
6.89796
6.22000
6.18000
7.96000
5.60000
6.38000
6.45833
5.76000
6.04000
6.02000
5.74000
6.12000
2.10000
4.78000
5.72000
7.76000
7.92000
5.34000
6.60417
6.04000
5.46000
5.44898
3.30000
5.16667
4.12000
6.76000
6.40000
5.14000
4.94000
4.66000
4.81633
4.54639
5.68000
4.54000
5.14000
6.40000
6.44000
6.82000
4.52000
5.68750
6.72000
4.16000
6.92000
7.32000
6.42000
5.06000
3.82000
3.42000
3.23404
3.14286
4.64000
4.92000
5.24000
3.18000
5.14000
7.22000
6.94000
7.24000
6.12000
5.10000
4.76000
4.62000
4.78000
5.18000
5.28000
5.94000
5.98000
6.48000
4.46000
6.26000
4.44000
4.44000
6.06000
5.06000
4.76000
5.34000
5.46000
5.54000
4.70000
5.34000
4.83333
4.94000
4.63265
4.85714
4.94000
5.79592
5.42000
5.32000
5.24000
6.14000
5.91837
5.50000
6.40000
7.36000
7.30000
5.63830
5.50000
7.60000
5.14000
7.24000
6.95833
7.00000
7.28571
7.18000
6.04082
5.93878
5.26000
5.36000
5.44000
4.92000
5.34000
5.84000
5.94000
5.92000
5.02041
5.84000
5.02000
5.68000
5.74000
3.44000
3.64000
3.83673
5.34000
5.34000
4.68000
7.72000
7.56000
5.96000
5.08000
4.78000
4.79592
5.90000
5.76000
7.00000
7.04000
6.94000
4.80000
6.54000
6.38000
5.74000
6.50000
5.36735
6.98000
7.48000
7.26000
6.00000
5.76000
5.50000
6.78000
5.30000
5.26000
4.78000
5.97872
6.00000
6.28000
4.40000
4.43750
3.56000
5.36000
7.74000
7.50000
5.66000
7.28000
7.10204
5.08163
4.82000
6.40000
5.54000
7.02000
6.98000
7.28000
5.80000
3.87755
6.26000
4.75510
5.26000
5.24000
5.42000
7.56000
5.20000
7.30000
5.72000
5.10000
5.56000
4.56000
4.74000
3.42000
4.86000
4.49000
7.20000
3.70000
4.02000
6.06000
6.68000
7.58000
6.58000
6.46000
7.20000
4.32000
4.92000
5.16000
4.30000
7.42000
5.00000
5.54545
3.58000
5.60000
4.59184
5.02000
5.42000
4.62000
5.26531
5.00000
4.64000
4.72000
4.62000
5.14000
5.18000
4.76000
4.50000
5.66000
6.26000
5.06000
4.48000
6.86000
5.96000
6.24000
5.70000
5.80000
7.08000
7.22000
5.68000
5.84000
5.84000
6.24000
5.98000
5.38000
5.58000
7.06000
7.42000
7.16000
5.89583
7.38000
7.48000
7.64000
7.32000
6.70000
6.34000
6.14000
6.70000
5.52000
6.44000
5.68000
6.46000
7.36000
2.56000
3.08000
2.38000
5.84000
6.36000
4.62000
4.36000
7.88000
7.28000
6.96000
6.84000
6.68000
7.26000
6.86000
5.76000
3.06000
3.04082
6.08000
6.38776
6.78000
5.14000
5.36000
5.68000
6.66000
5.16000
5.32000
5.90000
4.56000
2.32653
6.24000
6.69388
4.22000
5.46939
3.84000
6.16000
6.04000
6.54000
3.72000
5.26000
5.68000
5.92000
5.80000
5.66000
5.80000
6.68000
6.52000
6.08000
6.48980
6.60000
4.18000
4.20000
4.90000
4.58000
6.86000
6.77551
4.88000
4.30000
5.64000
5.36000
4.70000
4.28000
5.64000
4.72000
6.52000
6.14000
6.56000
6.10000
5.26000
6.36000
5.48000
2.58000
2.64000
7.22000
6.74000
5.40000
5.85714
2.82000
4.58000
2.98000
5.20000
5.54000
4.54000
5.46000
3.75510
5.92000
6.22000
4.94000
5.96000
5.30612
4.80000
6.00000
4.96000
4.84000
4.86000
5.48000
5.58333
5.54000
4.98000
4.96000
4.74000
4.52000
4.30000
5.14286
5.92000
7.64000
7.30000
7.94000
7.24000
7.86000
7.70000
5.80000
4.96000
6.04000
6.20000
4.06000
4.60000
5.50000
5.36000
6.71429
6.24000
5.46939
6.20000
5.66000
5.64000
4.46000
5.56000
5.34000
4.93878
5.90000
5.75510
5.64000
5.54000
5.50000
5.28000
6.00000
7.54000
6.32000
3.86000
5.25000
3.82000
2.92000
3.75510
5.28000
5.28000
5.02000
5.72000
5.20000
8.44000
8.30000
4.68000
6.06000
4.10000
5.18000
4.44000
3.82000
3.98000
5.16000
5.04000
2.54000
7.00000
5.34000
5.28000
4.84000
5.14000
5.24000
5.08000
5.22000
5.92000
5.28000
5.18000
4.02000
4.92000
5.18000
5.70000
2.34000
2.14000
2.84000
2.48000
2.06000
4.86000
3.83673
2.44000
2.22449
6.40816
3.62000
3.54167
3.38000
5.04000
5.82000
6.54000
3.82000
4.14000
5.14000
5.78000
3.04082
7.02000
5.36000
4.44000
4.58000
5.78000
5.42000
4.94000
5.48000
5.10000
5.96000
1.98000
5.80000
5.62000
5.52000
6.30000
5.40000
5.64000
6.82000
6.92000
7.22000
5.40000
8.02000
5.84000
5.36000
5.82000
4.40000
5.70833
7.22000
2.28000
2.63000
6.78000
2.10638
2.72000
6.40816
6.62000
7.26000
4.16000
5.62000
6.00000
7.86000
7.38000
7.51020
4.74000
4.10000
4.64000
5.20000
4.48000
5.40000
5.30612
5.02000
5.28571
5.96000
5.98000
6.48000
7.06000
5.65306
5.64000
5.28000
5.46000
2.22000
4.70000
7.00000
6.08000
7.28000
7.24000
7.18000
3.28571
6.60000
5.36735
4.97959
5.14000
5.84000
6.48980
5.00000
5.48000
5.12000
6.68000
4.88000
7.80000
7.16000
6.10000
5.04000
4.82000
4.32653
4.88000
4.90000
6.06000
6.74000
4.82000
4.48000
4.36000
4.42000
4.34000
5.58000
5.12245
6.64000
6.46000
6.80000
6.60000
5.48000
5.08000
7.50000
5.98000
5.12000
6.40000
5.54000
5.42000
5.68750
6.04000
5.88000
5.58000
6.50000
6.70000
6.34000
5.56000
5.26000
6.06000
5.60000
5.92000
5.76000
5.84000
4.58000
5.29167
4.98000
4.12000
3.68000
4.84000
5.04000
5.14000
5.26000
4.34000
5.42000
4.56000
4.98000
5.32000
4.82000
5.70000
5.26531
5.64000
5.54000
5.40000
4.66000
4.62000
7.68000
7.96000
5.28000
6.24000
4.62000
4.04000
6.34000
5.48000
2.22000
6.64000
5.04000
7.14000
4.93878
2.16000
7.34000
6.62000
3.92000
5.82000
4.92000
5.62000
7.46000
7.02000
7.76000
7.44000
4.86000
3.93750
7.22000
6.28000
7.14000
7.70000
5.00000
4.82000
4.74000
4.94000
7.30000
5.60000
7.38000
6.28000
6.84000
2.56000
7.00000
7.04000
5.42000
5.00000
6.24490
5.52000
5.18000
4.83673
5.76000
2.24000
3.04000
6.80000
6.84000
4.04000
3.50000
3.54000
6.06000
5.78000
3.02041
5.90000
5.02000
6.16000
6.26000
5.86000
5.78000
5.10000
4.70000
5.32000
5.22000
6.34000
5.86000
6.16000
6.08000
5.26000
4.68000
4.86000
4.98000
4.70000
4.32000
4.84000
5.04000
5.38000
4.90000
4.86000
5.04000
4.94000
4.84000
5.98000
6.16000
5.38000
7.58000
6.14000
5.06000
7.80000
4.72000
5.64583
6.26000
7.02041
6.76000
6.48000
3.98000
7.72000
5.08333
5.08000
5.82000
5.96000
4.08000
3.36735
3.38000
4.32000
4.04000
4.10000
5.10000
2.54000
4.34000
2.18000
2.36000
2.14000
6.62000
5.00000
3.62000
4.67347
3.68750
5.04000
4.64000
4.54000
5.63265
5.16000
5.14000
5.72000
5.92000
5.44000
5.38000
5.74000
5.58000
5.10000
4.61224
4.85714
5.58000
5.80000
4.30000
6.06000
4.34000
5.00000
7.06000
6.98000
6.60000
7.16000
5.70000
5.72917
5.32000
5.58000
5.98000
5.61224
5.81633
3.06000
3.06000
4.28000
5.60000
4.90000
4.69388
4.66000
2.98000
3.42000
3.22000
3.32000
4.87755
5.06000
4.75510
5.02000
4.96000
4.60000
5.48000
4.28000
2.42000
2.86000
4.92000
2.00000
5.56250
5.36170
5.89796
6.34000
6.56000
6.48980
5.34000
5.02000
4.54000
5.94000
6.34000
6.96000
7.18000
6.36000
4.74000
5.60000
5.66000
5.71429
4.67347
5.22000
5.20000
6.62000
4.82000
5.18000
5.72000
4.17021
5.02000
5.26531
5.72000
5.64000
6.32000
6.32000
5.44000
3.90000
4.04000
2.90000
4.02000
6.58333
7.24000
5.94000
7.04000
6.44000
6.86000
6.86000
7.08000
6.96000
5.79592
5.50000
3.06000
5.56000
4.70000
5.20000
5.28000
4.96000
4.02000
5.74000
5.94000
6.16000
5.88000
5.96000
7.58000
3.62000
5.29167
2.84000
3.14000
6.56000
6.38000
6.44000
6.40000
6.10000
7.42000
6.52000
6.00000
7.28000
6.86000
5.46000
6.42000
6.26000
5.66000
5.60000
6.30000
5.48000
5.00000
5.32000
5.59184
5.56000
3.60000
3.10000
5.66000
4.65306
5.72000
5.84000
5.08000
4.71429
5.02000
5.24000
5.38000
4.68000
4.83673
6.90000
4.44898
6.87755
2.84000
2.59184
3.20000
6.44000
2.64000
5.64000
5.65306
6.06000
6.10000
5.98000
6.48000
6.18000
5.14583
5.41667
5.94000
4.64000
5.42000
5.20000
6.18000
6.52000
3.35417
2.22000
2.68000
2.04000
5.56000
3.48000
6.02000
4.93878
5.42000
5.64000
5.56000
6.50000
6.36000
5.55319
4.66000
3.04000
3.46000
2.97959
5.40000
6.24490
4.58000
4.60606
4.58000
7.02000
7.12000
7.36000
7.34000
5.76000
6.04000
5.42000
5.62000
6.08000
6.36000
4.92000
5.28000
4.58000
4.54000
4.68000
5.83333
5.46000
6.22000
6.47917
6.06000
5.24000
5.50000
6.00000
6.08000
5.86000
6.74000
6.98000
7.30000
7.35417
5.20000
5.66000
5.89362
5.40000
5.94000
5.63265
4.94000
6.51020
6.16327
6.04000
6.36000
6.84000
7.52000
6.42000
5.48980
4.71429
4.92000
5.80000
5.41414
5.24490
3.80000
5.20000
6.56000
7.48000
5.83673
5.48936
5.75510
5.78000
4.26000
5.06000
5.28000
5.06000
6.76000
5.04000
5.58000
5.86000
6.28000
6.08000
3.42000
6.58000
6.69388
5.78000
6.62000
5.10000
4.84000
4.02000
4.52000
4.96000
6.12000
5.82000
6.10000
5.94000
5.50000
4.84000
6.98000
6.64000
6.54000
5.79592
5.82000
5.64000
5.73469
5.60000
4.98000
5.30612
5.14894
5.24000
6.50000
6.54000
6.56000
4.88000
4.86000
4.30000
4.22000
3.90000
3.96000
5.98000
5.30000
5.82000
5.34000
4.36000
5.24000
5.18000
4.86000
4.68000
4.66000
6.78000
5.96000
6.58000
4.85714
4.46000
3.98000
3.46000
3.14000
4.78000
5.02000
4.82000
5.14000
4.70000
4.48000
4.88000
3.90000
4.96000
5.02000
4.80000
5.14000
4.88000
6.48000
6.18000
5.50000
5.38000
4.96000
5.20000
4.92000
6.00000
4.54000
5.02000
4.94000
4.94000
4.66000
5.04000
4.86000
5.50000
6.20000
5.70000
5.18000
5.28000
5.32000
3.91837
4.98000
5.06000
5.12000
1.76000
4.94000
5.24000
5.26000
6.02000
6.32000
4.79592
5.28000
5.38000
5.40000
5.50000
5.48000
5.70000
6.00000
5.86000
6.02000
5.12500
5.12000
5.98000
5.20000
5.44000
5.56000
6.42000
5.10000
4.84000
4.78000
2.68000
3.04000
5.82000
5.42000
6.34000
4.98000
5.96000
5.20000
5.52000
5.46000
4.83673
6.24000
5.86000
6.00000
5.42000
3.24000
5.02000
5.46000
5.20000
5.12000
5.38000
5.76000
6.52000
5.94000
5.52000
5.20000
6.90000
7.45652
5.72000
5.62000
4.60000
4.58000
4.61224
5.68000
5.26000
5.36000
6.24000
5.38776
5.30000
5.08000
5.48000
5.96000
6.32000
5.22000
5.44000
5.08000
5.20000
5.70000
4.80000
5.40000
6.22000
6.30000
6.20000
5.18000
7.62000
7.98000
5.10000
4.90000
5.18000
5.50000
5.44000
5.52000
5.40000
5.52000
5.32000
4.94000
4.95918
5.70000
5.52000
5.54000
5.20000
7.14000
8.16000
5.94000
5.42000
4.86000
5.08000
4.92000
5.04167
4.88000
4.74000
4.98000
5.18000
4.80000
5.12000
7.12000
7.26531
6.78000
5.42000
5.42000
5.98000
5.48000
5.56000
6.14000
6.32000
5.69388
5.30000
3.82000
4.88000
5.12000
4.58000
4.28000
5.00000
4.78000
5.76000
6.74000
6.10000
6.36000
5.95918
5.26000
4.36000
5.00000
4.84000
5.12000
4.80000
4.85714
4.96000
5.12000
4.24000
5.02000
5.42857
6.10000
5.34000
6.22000
5.48000
5.48000
5.64000
5.72000
5.48000
5.48000
5.00000
4.91837
5.00000
5.26000
4.84000
5.86000
5.69388
6.10000
5.88000
4.96000
4.78000
4.84000
5.14000
5.56000
5.12000
5.58000
5.06000
5.02000
5.80000
5.74000
5.06000
5.20000
5.82000
6.12000
5.98000
5.08333
3.72000
3.18000
5.18367
3.68000
4.46000
6.84000
6.40000
7.38000
4.64000
1.56000
3.95918
3.90000
1.56000
2.42000
2.00000
3.36000
1.70000
1.80000
1.78000
5.22000
5.06000
6.32000
7.24000
4.90000
6.14000
7.40000
5.74000
6.18000
6.00000
6.20000
5.94000
5.24000
7.64000
7.83673
7.74000
7.94000
5.64000
5.18000
6.04000
7.64000
6.62000
5.20000
5.06122
5.30000
5.08000
4.83673
5.18000
5.94000
5.22000
4.08000
6.22000
4.68000
4.70000
4.86000
4.42000
5.20000
5.40816
4.98000
6.10000
5.72000
6.72000
7.24000
5.80000
6.12000
5.14000
4.96000
4.76000
5.10000
4.58000
4.71429
4.89796
5.06122
4.93878
5.44000
4.68000
5.34000
5.48000
4.90000
5.32000
4.90000
5.00000
4.06000
4.56000
5.28000
5.00000
4.79592
5.44000
5.32000
4.22000
5.92000
4.85714
5.74000
5.16327
3.16000
3.71429
5.75510
7.20000
5.16327
6.60000
5.46000
4.82000
5.40000
5.46000
6.74000
5.06000
6.38000
5.22000
3.42000
5.76000
6.18000
5.84000
5.82000
6.06000
5.84000
6.68000
5.22000
5.16000
6.58000
6.44000
5.54000
7.12000
4.96000
6.06000
5.96000
5.94000
6.34000
5.14000
5.06000
3.74000
5.97959
3.46000
4.76000
4.60000
5.44000
6.06000
5.38000
5.12245
5.68000
8.22000
8.26000
8.20000
8.18000
8.50000
6.40000
6.10000
6.14000
4.10000
5.58000
5.56000
5.48000
4.80000
4.90000
4.70000
6.00000
5.40000
5.08000
2.96000
3.04000
3.84000
4.26000
5.58000
5.64000
5.60000
5.51020
5.14000
5.86000
5.84000
3.28000
4.64000
5.22000
4.86000
6.28000
6.38000
5.88000
6.50000
6.64000
6.06000
6.12000
5.80000
5.53061
6.26000
6.70000
6.92000
6.92000
4.62000
4.00000
5.56000
4.52000
5.62000
4.28571
3.58000
4.62000
5.27083
4.92000
4.46000
4.88000
5.48000
5.30000
4.64000
5.62000
5.90000
5.18000
6.50000
4.30000
4.70000
4.20000
4.70000
6.08000
6.24000
5.98000
6.06000
4.48000
5.48000
7.18000
4.80000
4.60000
6.16000
5.25532
5.28000
5.86000
5.86000
5.16000
5.18000
5.66000
4.76000
5.14000
3.64583
5.18000
4.10000
4.10204
5.30000
5.98000
5.38000
5.46000
5.58000
5.94000
5.90000
5.18000
5.60000
5.30000
5.50000
4.90000
5.02000
4.20000
5.58000
5.30000
5.22000
4.60000
4.10204
4.44000
3.18367
5.80000
7.35354
6.68000
7.24000
7.20000
6.48000
5.56000
4.74000
5.40000
2.60000
5.34000
2.82000
4.89000
2.62000
4.88000
5.24000
7.32000
6.10000
6.72000
6.26000
5.78000
6.20000
6.40000
6.00000
5.20000
6.32000
5.02000
7.22000
7.16000
6.44000
7.28000
6.00000
6.86000
5.20000
5.34000
6.60000
4.22000
3.62000
4.22000
4.00000
5.76000
5.58000
4.98000
5.36000
5.26000
5.20000
6.34000
5.78000
5.46000
5.60000
5.92000
6.18000
5.90000
6.52000
6.30000
5.85714
5.36000
5.60000
5.46000
5.08000
5.94000
6.20000
5.42000
6.28000
5.36000
5.00000
5.10000
5.64000
5.38000
5.32000
6.46000
6.52000
3.44000
4.60000
6.84000
5.82000
5.00000
6.06000
6.22000
6.14583
6.68000
5.42000
4.82000
5.04000
4.78000
5.18000
4.58000
5.80000
5.36000
5.88000
6.00000
4.84000
4.74000
5.46939
5.20000
4.22000
3.82000
5.20000
4.40000
4.70000
4.72000
5.46000
5.86000
5.68000
4.58000
3.70000
5.16000
5.04082
5.34000
6.22000
6.36000
5.68000
5.22000
6.84000
5.62000
5.90000
6.46000
4.20000
2.66000
2.86000
3.12000
4.74000
5.58000
5.18000
5.48000
4.42857
5.24000
5.54000
5.58000
5.38000
5.94000
5.98000
5.46000
3.96000
5.34694
6.34000
5.58000
4.70000
2.76000
2.20000
3.22000
2.74000
2.62000
2.56000
2.46000
2.76000
5.78000
6.28000
5.19000
6.38000
5.40000
4.34000
4.83333
5.14000
5.32000
5.66000
6.50000
5.14000
8.42000
7.96000
7.32000
7.30000
7.54000
7.96000
7.14000
7.96000
3.66000
4.24000
3.30000
7.46000
7.04000
5.16000
4.80000
4.90000
7.26000
7.28000
7.68000
4.54000
4.80000
5.14286
6.97959
5.48000
7.42000
5.40000
5.63265
4.64000
5.00000
7.20000
7.30000
5.02083
2.58000
3.22000
5.18000
6.18750
6.68000
5.06000
6.08000
4.90000
5.74000
5.98000
5.38000
5.54000
5.68000
4.89796
4.90000
2.60000
6.10000
5.96000
5.48000
3.60000
2.81250
5.28000
5.90000
6.06000
6.80000
7.38000
6.26000
5.76000
4.86000
5.04000
6.36000
5.40000
5.82000
5.26000
5.76000
6.36000
5.79592
4.84000
4.88000
6.58000
5.76000
5.90000
6.00000
5.82000
5.76000
5.56000
5.76000
4.94000
6.24000
4.60000
5.40000
6.02000
6.12000
5.90000
7.24000
5.96000
5.65306
7.06122
5.90000
5.58000
5.74000
5.68000
4.76000
5.02000
5.10000
5.62000
5.56000
5.66000
5.08000
5.70000
5.50000
6.74000
5.38000
6.80000
5.22000
5.76000
4.79592
5.10000
6.81633
5.76000
5.79592
5.34000
5.46000
5.66000
5.75000
5.82000
5.50000
6.12000
4.84000
5.56000
5.10000
5.78000
5.68000
5.02000
5.26000
5.78000
5.40000
5.04000
4.93750
5.50000
5.58000
5.06000
5.72000
6.36000
5.08000
5.00000
5.48000
4.92000
6.28000
5.20000
6.10000
5.10000
6.70000
6.76000
6.98000
5.68000
5.26000
5.28000
5.26000
5.08000
5.00000
5.88000
5.84000
5.32000
4.79167
5.02041
4.86000
5.36000
5.44000
5.58000
6.94000
5.20833
5.34000
5.70000
5.80000
6.12000
5.10000
5.96000
5.56000
6.48000
5.62000
5.54000
5.46000
5.57143
5.65306
5.84000
5.26000
5.40000
5.24000
5.46000
6.50000
4.70000
5.34000
5.20000
5.70000
6.38000
5.48000
4.70000
5.02000
5.26000
5.20000
5.51020
4.98000
5.94000
5.34000
4.20000
5.98000
5.30000
6.58000
7.18000
3.68000
6.00000
6.22222
5.64000
5.44000
5.28000
5.32000
5.56000
5.51020
5.43750
5.04000
5.63265
6.20000
5.73469
5.68750
5.76000
4.96000
6.78000
5.62000
5.08000
4.72000
5.30000
5.08000
5.20000
5.32000
4.78000
5.00000
5.02000
6.38000
5.46000
4.80000
5.98000
6.00000
5.46000
4.72000
4.86000
5.04000
4.80000
5.12000
5.20000
4.64583
6.04000
4.72000
5.50000
6.16000
7.34694
4.90000
5.14286
5.94000
5.66000
6.06000
5.00000
4.88000
5.96000
4.96000
7.08000
6.46000
5.42000
5.94000
5.80000
6.14000
4.94000
4.80000
5.20833
5.32000
5.42000
6.74000
6.20000
6.51020
5.91837
5.68000
5.42000
6.68000
4.70000
4.56000
5.10000
6.74000
4.90000
7.56000
4.92000
4.94000
3.94000
6.08000
5.98000
3.84000
4.12245
3.66000
5.82000
5.46939
5.44000
6.00000
5.56000
5.48000
5.86000
6.30000
5.14000
4.98000
5.40000
5.84000
5.08000
4.88000
5.02000
5.22000
6.18000
5.30000
5.10000
5.70000
5.76000
5.32000
5.58000
5.62000
5.48980
5.24000
5.34000
4.82000
6.18000
5.61224
5.72000
4.85417
5.06122
4.89796
5.08000
5.96000
5.70000
4.98000
4.86000
5.30000
5.16000
5.70000
5.04000
5.30000
4.96000
4.78000
6.22000
5.22000
5.36000
7.38000
7.62000
7.26000
5.58000
5.04000
5.36000
4.76000
6.04000
6.16000
6.30000
6.18000
4.74000
4.74000
5.42000
4.14000
4.84000
5.18000
5.40000
5.58000
5.10000
5.24000
4.66000
4.24000
4.94000
6.46000
3.96000
5.50000
5.28000
5.20408
5.00000
5.16000
7.64000
7.44000
5.12245
5.30000
6.26000
6.10204
4.88000
2.54000
2.68000
3.56000
5.02000
3.64000
3.68000
3.90000
3.24000
2.82000
3.53061
2.98000
5.68000
5.91837
5.68000
5.72000
3.46000
3.46000
4.86000
5.81633
2.78000
3.60000
2.92000
5.44000
5.87755
3.46000
5.38000
5.14000
5.80000
5.48000
5.40000
5.89583
5.06000
4.97959
5.04000
5.70000
6.26000
5.96000
4.84000
4.94000
4.27083
3.56000
6.36000
5.28000
5.80000
6.14000
5.34000
6.48000
5.42857
5.90000
5.72000
5.48980
4.89583
5.26531
4.91489
3.85417
5.55102
5.66000
7.64000
6.78000
5.68000
5.77551
6.10000
6.72000
7.42000
6.88000
5.18000
4.30000
4.06000
5.36000
5.22000
6.02000
7.30000
5.52000
5.18000
5.06000
6.28000
3.46000
3.46939
5.44000
4.96000
5.52000
5.18000
5.42000
5.16000
5.82000
5.88000
4.88000
7.28000
7.50000
5.44000
6.54000
5.78000
6.24000
5.20000
5.24000
5.08000
4.40000
4.36000
5.46000
6.56000
6.32000
5.08000
4.28571
4.38000
3.88000
5.28000
5.06000
5.67347
6.22000
5.80000
7.68000
7.66000
5.10000
2.02000
2.51020
2.58000
2.64000
7.36000
5.76000
6.66000
5.34694
5.24490
5.48000
5.22000
4.95918
5.54000
6.40000
6.96000
5.56000
2.72000
2.82000
2.86000
5.36000
5.80000
5.60000
5.72000
5.06000
5.94000
5.81633
5.68000
6.84000
7.34000
5.77551
5.36000
6.36000
5.30000
5.26000
5.88000
4.48000
4.94000
5.36000
5.18000
5.64000
5.14000
5.74000
6.00000
4.78000
4.40000
6.76000
4.74000
5.06000
5.70000
6.70000
5.58000
5.26000
4.82000
4.10204
1.48000
1.80000
5.30000
5.16000
6.06000
6.56250
6.68000
6.78000
8.02000
7.22000
6.98000
7.26000
4.64000
4.30000
4.52000
4.82000
4.22000
3.40000
3.00000
6.14000
5.18000
6.16000
5.04000
6.30000
4.74000
5.54000
5.64000
5.89583
4.82000
4.42000
4.80000
4.66000
5.02000
4.42000
4.86000
4.50000
4.80000
4.70000
4.98000
4.36735
5.90000
5.74000
5.58000
5.24000
5.32000
5.97959
5.40000
4.84000
6.44000
4.96000
6.16327
4.54000
5.08000
4.78000
5.82000
5.32000
2.62000
4.93750
5.24000
6.06000
5.94000
5.98000
6.00000
5.84000
6.02000
5.79167
4.92000
6.56000
6.80000
7.24000
4.94000
5.48000
5.58000
4.30000
5.36000
5.52000
5.26000
5.12000
4.80000
4.82000
5.72000
5.68000
6.10204
6.02041
5.26000
6.72000
5.02000
5.08000
5.02000
5.20000
5.30000
6.90000
4.90000
4.84000
5.46000
3.90000
4.94000
4.36000
4.04082
4.98000
2.42000
2.75510
2.84000
6.08000
5.20000
5.32000
4.12000
4.48000
6.08000
6.38000
6.08000
5.90000
5.00000
4.46000
5.06000
5.22449
5.38000
4.68000
5.02083
6.22000
6.54000
6.46000
4.80000
4.81633
4.46939
2.94000
5.96000
5.96000
5.98000
5.22000
6.00000
6.12000
5.80000
5.08163
4.70000
3.34000
4.88000
6.82000
5.02000
6.50000
6.50000
5.86000
5.60000
6.32000
6.02000
5.74000
5.78000
5.62000
5.16000
4.82000
4.90000
5.10000
4.92000
7.38000
5.54000
4.40000
4.70000
5.10000
5.56000
5.48000
4.94000
6.72000
6.66000
4.73469
4.75510
4.42000
4.79592
3.32000
2.96000
2.98000
2.40816
6.22000
5.64000
2.32000
2.56250
6.52000
4.94000
6.10000
5.26000
5.42000
5.32000
5.74000
5.98000
5.18000
5.74000
5.38000
3.92000
4.64000
4.60000
3.48000
7.00000
3.64000
5.02000
5.44000
5.33333
5.72340
5.20408
5.34000
4.94000
3.74000
5.90000
4.80000
5.20408
6.18000
4.26000
3.84000
4.86000
5.28000
4.12000
4.67347
5.70000
4.62000
3.88000
3.32000
4.12000
4.28000
5.98000
5.50000
5.08000
5.20833
5.52000
5.80000
5.22000
5.70000
4.78000
5.48000
3.86000
5.42000
5.90000
5.08000
5.54000
3.64000
3.90000
3.76000
5.16000
5.34000
4.94000
5.18000
5.45833
4.42000
4.94000
4.87500
5.44000
5.30000
6.68000
6.42000
6.80000
6.10000
4.98000
5.90000
5.42000
4.16000
4.84000
4.86000
3.28000
5.38000
5.36000
5.36000
5.68000
4.96000
4.70000
4.10000
5.30000
6.04000
6.08000
5.04000
4.60000
4.78000
6.20000
6.10204
6.12000
5.86000
4.48000
5.86000
4.66000
4.98000
4.96000
5.54000
4.70000
5.98000
4.92000
5.12000
5.06000
4.96000
5.10000
5.18000
5.00000
4.84000
6.18000
5.40000
5.94000
5.66000
5.40000
5.10000
2.82000
5.46000
4.18367
5.70213
6.02000
5.20000
4.60000
4.71429
4.90000
6.29167
5.86000
6.26531
5.74000
5.70000
3.42000
3.74000
5.86000
6.36000
5.80851
5.64000
5.54000
6.26000
5.60000
5.08000
6.18000
5.79592
5.04000
5.66000
5.16000
5.34000
5.51020
5.67347
5.59184
6.96000
7.16000
4.59184
5.62000
5.88000
4.66000
5.00000
4.54000
4.94000
4.02000
3.56000
3.02000
6.62000
6.14000
6.32000
6.48000
5.12000
5.22000
4.98000
5.00000
5.38000
5.04000
4.76000
3.84000
4.72000
5.68000
4.86000
4.98000
4.84000
4.78000
5.08000
5.34000
5.22000
4.94000
4.86000
4.88000
4.93750
5.94000
6.56000
5.48000
4.46000
4.62000
3.98000
4.74000
4.68000
5.48000
6.00000
5.24000
4.80000
6.28000
7.02000
5.42000
4.52000
5.10000
3.92000
5.56000
4.94000
5.40000
5.30000
4.80000
5.06000
5.16000
6.72000
4.92000
4.98000
5.04082
5.14000
4.86000
5.84000
4.90000
5.08000
5.94000
5.66000
6.24490
5.75510
3.72000
4.68000
4.96000
6.10000
6.00000
6.20000
5.92000
5.56000
4.74000
5.14000
5.48000
5.44000
3.72000
4.36000
5.58000
4.88000
5.82000
5.71429
3.90000
3.48000
7.46000
7.14000
3.82000
3.32000
4.40000
3.48000
5.42000
5.78000
7.50000
5.94000
6.24000
4.98000
5.28000
5.84000
6.54000
6.72000
5.22000
4.96000
4.24000
5.02000
5.18000
6.00000
5.46000
6.32000
5.65306
5.88000
5.62000
5.98000
5.85714
5.56000
6.62000
5.68000
5.74000
5.64000
5.63265
6.36000
5.98000
5.39583
5.92000
5.34000
4.80000
5.02000
6.10000
4.82000
5.04000
5.22000
4.74000
5.00000
4.81250
4.86000
2.90000
4.76000
4.76000
5.34000
6.08000
5.98000
5.98000
4.62000
5.60000
6.12245
3.66000
6.94000
6.98000
5.52000
5.76000
4.26000
6.06000
5.81633
5.88000
5.85714
4.96000
5.80000
4.50000
7.92000
4.56000
5.53061
5.04000
6.08000
4.82000
5.44000
4.68000
6.54000
5.58000
6.06000
5.38000
5.36000
3.80000
3.54000
4.26000
5.82000
6.16000
5.64000
6.10000
5.74000
6.38000
6.00000
5.76000
6.75510
5.36000
5.06000
5.32000
5.18000
5.64000
6.16000
5.34000
6.22000
5.28000
5.28000
5.14000
5.62000
5.62000
7.14000
2.10000
2.12000
6.30000
6.30000
6.38000
6.78000
6.90000
5.82000
5.98000
3.94000
7.24000
5.22000
6.68000
3.80000
4.62000
4.50000
4.16000
5.48000
5.32000
5.54000
5.56000
6.96000
5.28000
5.54000
2.46000
6.42000
5.92000
6.76000
5.80000
6.48000
5.26000
5.52000
5.00000
5.08000
6.32000
7.92000
5.69388
5.59184
5.28000
5.02000
3.50000
5.80000
7.04000
7.36000
6.86000
5.36735
7.08000
5.52000
5.02000
7.14000
5.66000
4.98000
5.24000
4.98000
4.83673
5.24000
6.00000
6.40000
6.22000
5.53061
5.48000
5.54000
5.46000
7.42000
5.32000
6.70000
7.12000
6.42000
5.24000
7.58000
6.42000
5.12000
5.42000
4.68085
4.98000
5.90000
5.56000
5.78000
5.66000
5.72000
5.72000
5.44000
5.44000
7.30000
7.24000
4.79592
5.56000
4.62000
6.86000
5.50000
5.60000
4.80000
5.30000
5.60000
5.84000
5.82000
2.76000
6.36000
5.04000
4.68000
6.12000
3.66000
5.50000
5.52000
5.36000
5.92000
5.20000
5.44000
5.40000
5.10204
5.55102
5.30000
5.00000
4.70000
5.76000
6.54000
5.86000
4.80000
7.86000
7.50000
7.52000
5.90000
6.06000
7.06000
6.77083
5.52000
4.91837
4.62000
5.00000
4.14000
5.20000
5.58000
5.32000
5.30000
4.96000
5.72000
4.78000
2.66000
2.84000
4.54000
5.18000
5.42000
5.64000
6.22000
5.00000
6.20000
5.02000
6.16000
5.66000
5.82000
5.48000
5.00000
5.80000
5.60000
5.34000
5.20000
5.75510
4.71429
7.42000
7.20000
7.28000
6.48000
6.74000
6.62000
6.36000
6.80000
6.50000
6.62000
4.96000
4.72000
4.20000
5.63265
5.68000
5.16000
5.90000
5.76000
4.96000
5.26000
5.24000
5.54000
6.06000
6.66000
5.90000
5.38000
6.14286
6.04000
5.68000
5.72000
7.08000
5.18000
5.42000
4.79798
4.28000
7.22000
5.18367
5.02000
5.06000
5.65306
5.10000
6.20000
5.85714
6.52000
5.34000
5.72000
5.88000
5.26000
5.66000
5.46000
5.82000
6.18000
6.44000
5.94000
6.44000
6.20000
3.36364
6.88000
6.96000
6.64000
6.86000
6.98000
6.94000
6.06000
5.44000
5.18000
5.88000
5.34000
5.20000
5.48000
5.68000
6.68000
6.94000
5.98000
5.60000
6.08000
5.48000
5.40000
6.40000
6.64000
7.06000
6.78000
5.26000
4.76000
4.98000
4.85714
6.80000
4.76000
4.62000
4.66000
4.51020
6.88000
4.10000
6.00000
5.80000
3.73469
4.28000
3.24490
5.10000
6.32000
6.28000
5.53061
4.54000
4.14000
3.56000
2.54000
3.58586
4.30000
5.62000
5.20000
5.38000
5.14000
3.10000
7.16000
5.56000
5.30000
6.14000
5.70000
5.00000
5.52000
4.38000
6.14000
6.30000
5.90000
6.52000
5.98000
6.16000
6.20000
6.74000
7.10000
5.78000
4.46000
5.72000
5.78000
5.16000
6.85714
7.26000
5.56000
5.28571
6.38000
5.94000
5.96000
6.40000
7.14000
6.18000
5.68000
5.66000
6.72000
6.28000
4.08000
3.67347
3.84000
7.48000
6.36000
7.40000
8.08000
6.98000
5.26000
5.08000
5.18000
6.76000
5.32000
5.52000
4.64000
5.70000
5.89796
5.20000
5.80000
5.06000
6.52000
6.48000
6.52000
6.24490
6.40000
6.45833
5.14000
5.42000
4.90000
5.16000
6.04000
1.94000
5.78000
5.88000
5.50000
4.58000
5.12000
4.74000
6.16000
4.12000
4.20000
3.34000
4.46000
5.62000
5.42000
2.16000
5.24000
6.65306
6.78000
3.44000
2.32000
3.54000
5.98000
6.76000
5.60000
4.94000
5.24000
5.78000
6.60000
6.84000
5.16000
5.10204
4.76000
6.02041
4.98000
4.18000
5.02000
5.36000
5.94000
5.48000
5.64000
5.68000
6.42000
5.72340
5.86000
5.52000
7.80000
5.28000
5.44000
4.73469
5.36000
6.67347
6.40000
6.24000
5.78000
5.48000
5.54000
5.84000
5.14583
5.52000
5.32000
5.58000
6.54000
6.48000
6.68000
5.96000
5.86000
4.98000
4.24000
5.30000
5.18000
5.26000
1.98000
4.20000
5.74000
5.48000
6.68000
7.08000
6.66000
4.97917
5.54000
4.68000
5.02000
4.90000
6.24000
6.10000
5.80000
5.66000
7.52000
7.00000
6.62000
6.36000
6.48000
6.92000
6.96000
5.14000
5.02041
5.28000
5.31250
7.34000
6.10000
5.97959
3.78000
5.48000
5.50000
6.52000
6.16667
6.58000
6.02000
6.22000
3.08163
5.26000
6.20000
6.54000
6.16000
5.50000
6.06000
5.94000
5.66000
6.74000
5.76000
4.98000
5.04000
5.29167
6.02000
6.96000
5.42000
5.74000
5.96000
7.20000
6.56000
6.38000
6.10204
5.56000
5.86000
5.30000
5.94000
5.64000
5.36000
4.62000
3.66000
3.48980
5.32000
4.60000
4.64000
4.91837
7.32000
6.81633
5.16000
5.70000
6.04000
5.76000
4.88000
4.52000
4.18000
5.00000
5.00000
4.38000
6.54000
5.60000
5.51020
5.42000
5.88000
6.46000
5.06000
6.44000
6.44000
7.08000
5.74000
5.36000
6.00000
6.14000
5.26000
5.88000
5.62000
5.77083
4.88000
5.66000
2.06000
2.86000
2.44000
5.88000
5.92000
5.76000
6.68000
6.55102
7.62000
7.20000
5.88000
4.50000
5.76000
5.97959
5.64000
2.98000
2.92000
4.84000
4.94000
5.02000
6.68000
6.12000
6.12000
4.80000
6.24000
5.46000
5.40000
5.93878
6.26000
6.30000
5.88000
5.76000
6.22449
5.84000
5.56000
6.02000
5.86000
6.70000
7.02041
5.76000
6.12000
6.44000
6.28000
6.04000
5.30000
7.66000
7.48000
6.18000
5.68000
5.83673
5.84000
6.02000
7.26000
6.56000
5.74000
5.38000
5.46000
4.54000
5.16000
5.94000
6.26000
7.18000
6.68000
6.26000
6.64000
5.56000
6.92000
7.24000
7.74000
5.54000
5.60000
5.36000
5.96000
5.94000
6.22000
5.54000
5.86000
5.84000
5.62000
5.62000
6.60000
6.20000
6.24000
5.42857
5.85417
5.98000
2.82000
4.06000
4.20000
6.46000
6.04000
6.04000
7.30000
6.80000
6.60000
6.30000
6.56000
6.20000
6.25000
3.56000
5.10000
3.80000
4.24000
7.32000
5.74000
6.26000
6.40000
6.18000
6.20000
6.24000
6.16000
5.38000
5.79592
5.08163
5.64000
5.84000
5.26000
5.04000
5.76000
4.82000
4.24000
2.50000
5.22000
5.80000
4.92000
6.02000
5.18000
5.76000
5.72000
5.68000
5.24000
6.32000
5.82000
5.68000
5.92000
5.06061
4.83673
5.02041
5.14000
4.71429
5.84000
4.74000
4.76000
4.70000
4.36000
5.46000
4.72000
5.94000
5.12245
5.22000
5.80000
5.86000
6.48000
5.87879
3.58000
2.00000
4.66000
3.98000
5.95918
5.75510
5.89796
7.58000
6.34000
6.38000
6.88000
6.38776
6.04000
6.04000
5.64000
5.68000
5.00000
5.58000
4.44000
4.10000
4.92000
4.14000
4.80000
5.04000
5.10000
4.91837
5.40000
4.22000
4.60000
4.68000
5.26000
6.81250
7.08000
7.10000
4.76000
4.82000
5.44000
6.06000
5.79592
5.56000
5.54000
5.02000
5.74000
5.84000
4.64000
4.56000
6.24000
6.38000
4.94000
4.74000
4.36735
5.00000
6.22000
5.08163
4.98000
4.24000
5.00000
4.93878
4.87755
6.02000
6.12245
5.82000
5.10000
5.08000
5.26531
5.36000
5.50000
5.72000
4.66000
3.90000
5.32000
5.30000
5.46000
5.48000
5.60000
4.78000
5.18000
5.36000
7.10000
5.76000
5.72000
5.76000
4.00000
6.06000
2.08000
3.44898
4.58000
6.58000
4.44000
2.56000
3.42000
3.87755
5.30000
5.88000
6.16327
6.36000
8.10000
8.06122
6.77551
5.92000
6.01000
5.64000
6.74000
6.56000
6.66000
6.26000
5.70000
4.82000
5.50000
5.02000
4.50000
5.30000
5.64000
5.56000
5.64000
5.40000
5.72000
5.56000
5.70000
5.42000
4.94000
1.44000
1.64000
5.80000
5.58000
4.68000
4.98000
4.65306
4.65306
6.02000
4.38000
3.04000
5.34000
5.50000
4.84000
4.98000
5.54000
5.90000
5.40816
6.36000
4.96000
3.28571
5.06000
4.24000
5.52000
5.70000
6.48980
4.94000
5.02000
4.86000
4.88000
4.76000
5.74000
6.08000
5.96000
5.60000
5.16000
5.52000
5.43750
6.52000
6.32000
6.16000
6.10417
6.78000
6.58000
4.84000
4.92000
6.78000
5.22000
6.18367
5.82000
5.94000
5.84000
5.78000
5.84000
5.65306
5.66000
5.12000
5.54000
5.54000
6.38000
6.27083
6.30000
5.26000
5.46000
4.38000
4.28571
4.24000
5.32000
4.60000
4.42000
6.50000
6.34000
6.12766
6.54000
5.56000
5.44000
6.46000
5.51020
2.48000
6.50000
6.86000
3.74000
6.54000
6.08000
6.08000
5.64000
6.20000
6.46000
5.80000
5.78000
5.58000
5.90000
5.98000
6.02000
6.64000
6.64000
6.14000
6.64000
4.86000
5.56000
4.72000
4.18000
4.32000
4.36000
4.04000
4.12000
5.26000
5.97959
5.52000
5.42000
5.62000
5.76000
5.44000
6.28000
5.52000
5.96000
6.06000
5.62000
5.46000
5.70000
4.73469
3.06000
3.46000
3.38000
5.66000
5.82000
5.56000
5.14000
6.26531
4.41667
4.95918
5.14000
5.34000
5.54000
5.26000
5.72000
3.12000
3.08000
5.70000
5.94000
4.54000
4.42000
4.88000
4.50000
4.80000
5.80000
5.06000
6.54000
2.08000
2.02128
6.02041
5.96000
5.83673
6.36000
6.30000
7.04000
6.86000
6.58000
5.60000
6.60000
7.70000
7.22000
7.52000
6.10000
6.34000
5.96000
6.48980
7.00000
6.86000
6.00000
5.46000
3.94000
5.53061
5.52000
5.42857
5.56000
5.16000
4.42000
5.48980
7.30000
5.65306
4.88000
6.44898
6.42000
6.32000
6.28000
5.32000
5.60000
5.54000
5.40000
5.76000
3.24000
5.48000
4.42857
3.70000
3.72000
5.10101
4.12245
5.18000
5.14000
3.84000
4.90000
5.40000
4.80000
4.76000
5.14000
4.82000
4.72000
5.20408
5.50000
5.04000
4.34000
5.10000
6.04000
5.90000
5.62000
4.76000
5.12000
4.94000
5.16000
5.18000
5.12000
5.00000
5.36000
5.44000
6.06000
4.92000
5.28000
5.98000
5.76000
5.40000
5.38776
5.76000
4.42000
4.22000
6.28000
5.34000
5.48000
5.10000
4.44000
4.46000
5.08000
4.98000
4.68000
5.02000
4.74000
6.62000
6.46000
5.88000
5.94000
5.32000
4.78000
5.52000
6.42000
5.78000
5.92000
5.66000
3.04000
3.76000
4.74000
4.38000
6.18000
6.32000
6.40000
7.10000
6.46000
6.46000
7.34000
7.18000
6.06000
6.14000
7.02083
5.51515
5.78000
5.74000
5.68000
5.84000
5.49495
5.72000
5.80000
7.18000
5.06000
7.06000
6.62000
3.87755
6.22000
6.14000
6.48000
3.57447
3.32000
4.94000
6.00000
5.62000
5.42000
5.90000
5.68000
5.90000
5.50000
5.50000
5.18750
2.62000
6.02000
5.14000
5.92000
5.20000
5.18000
5.20000
5.18000
5.58000
5.24000
5.12000
5.20000
6.96000
5.18000
5.10000
5.96000
6.35417
5.96000
5.86000
3.71429
6.72000
6.38000
4.50000
4.78000
5.32000
4.92000
5.30000
5.26531
6.44000
5.34000
6.24000
7.24000
5.28000
5.60000
6.75510
6.60000
6.65306
4.96000
6.44000
7.98000
5.26000
5.02000
7.38776
5.46000
5.20000
5.64000
4.10000
6.14000
6.08000
5.62500
6.44000
5.22000
5.00000
4.00000
4.86000
6.18000
5.40000
6.54000
6.18367
6.48000
4.46000
5.34000
5.42000
5.54000
6.32000
5.24000
6.36000
5.74000
2.92000
4.00000
4.13131
4.34000
6.36000
6.24000
6.54000
3.62000
3.78000
4.96000
5.32000
5.18000
5.30000
3.68000
6.68000
5.40000
6.83673
6.46000
5.86000
5.80000
6.08511
5.18000
6.50000
3.12000
2.18000
2.08000
5.30000
5.14000
5.30000
5.04000
5.98000
5.26000
6.12000
5.04000
5.20000
6.14000
6.16000
5.52000
6.38000
6.70000
6.46000
5.96000
5.62000
4.70000
5.06000
5.66000
5.28571
5.20000
6.32000
5.30000
5.10000
5.68000
5.72000
5.66000
5.42000
5.48000
5.77551
5.70000
5.56000
5.70000
7.50000
6.10000
7.72000
6.98000
6.74000
5.00000
5.00000
5.42000
5.24000
5.52000
5.96000
5.58000
5.34000
5.80000
5.66000
5.38000
7.32000
5.20000
5.16000
7.52000
5.26000
5.54000
3.24000
5.83333
5.02000
2.58000
3.04167
3.54000
4.00000
5.54000
5.12000
4.98000
5.48000
5.10000
5.77551
4.94000
4.29167
5.14000
5.82000
4.54000
5.04000
4.88000
5.50000
5.80000
4.94000
6.78000
2.62000
6.36000
4.66000
5.22449
5.66000
2.68000
2.54000
3.97959
4.52000
4.92000
4.28000
4.68000
6.28571
4.46000
4.08163
5.48000
3.56000
5.60000
5.92000
5.70000
5.62000
5.78000
4.12000
4.82000
5.36000
5.50000
5.52000
5.20000
4.02083
3.78000
5.20000
5.06000
5.52000
5.32000
5.04000
4.76000
4.92000
4.74000
5.16000
4.80000
4.60000
5.62000
4.10000
2.38000
2.48000
2.44000
5.67347
2.28000
1.88000
7.04000
6.96000
6.18000
4.24000
5.10000
5.38000
6.83673
6.53061
6.86000
6.19149
6.38000
6.34000
7.02000
5.12000
5.66000
6.64000
6.62000
7.22000
6.58000
5.80000
5.48000
5.94000
5.24000
5.92000
5.68000
6.30000
5.42000
5.02000
5.36000
5.84000
5.67347
6.24000
5.30000
5.02000
3.86000
5.86000
4.84000
5.46000
6.20408
7.06000
5.66000
5.82000
6.52000
4.50000
6.48980
4.76000
6.80000
5.52000
5.40000
5.24000
2.56000
5.72000
7.34000
6.44000
7.28000
7.34000
7.42000
7.52000
6.04000
4.58000
6.16000
3.31000
6.54000
6.88000
6.38000
6.96000
7.26000
6.76000
6.57143
5.44000
5.54000
4.94000
5.60000
5.28000
5.02000
4.88000
5.30000
3.18000
3.28000
4.46000
3.04000
2.58000
3.26531
3.32000
4.98000
2.58000
4.32000
5.94000
5.90000
6.30612
5.02000
5.28000
4.81633
5.08000
4.98000
6.48000
6.54000
7.04000
4.96000
6.26000
5.98000
5.10000
6.86000
6.30000
6.44000
6.18000
6.34000
5.70833
6.38000
6.46000
5.90000
6.44000
6.68000
5.08000
5.88000
4.22000
3.14000
3.26531
3.20000
2.96000
3.47917
5.74000
5.06000
6.48000
4.20000
3.24000
5.72000
5.87500
6.66000
4.70000
4.88000
6.94000
5.85714
5.10204
5.42000
5.44000
5.18750
5.04000
6.86000
5.96000
6.76000
5.86000
5.79798
5.58000
5.90000
5.30000
5.38000
5.20000
5.08000
4.84000
5.42000
5.28000
5.28000
5.20000
4.90000
5.64000
6.92000
6.70833
5.38000
6.10000
6.06000
6.14286
6.38776
6.38000
5.72000
5.60000
5.68000
5.24000
5.14000
5.22000
5.40000
5.76000
5.46000
4.56000
4.88000
4.96000
3.44000
4.58586
5.42000
6.32000
5.96000
5.32000
6.24000
2.60000
5.48000
4.82000
5.76000
5.62000
4.42000
4.96000
5.26000
5.26531
5.08163
5.08000
4.70000
4.58000
4.54000
5.38000
5.80000
5.92000
5.64000
6.68085
6.30000
6.10204
4.86000
5.38000
5.89796
5.46000
5.22000
3.70000
5.59184
5.79592
6.28000
5.00000
4.87500
4.86000
4.32000
3.40000
4.55102
3.53061
5.44000
6.34000
5.88000
4.70000
5.18000
4.70000
4.62000
5.26000
5.46000
4.42000
4.70000
5.28000
4.08163
3.56250
5.46000
5.66000
5.48000
5.74000
6.00000
5.86000
5.64000
6.06000
4.72000
5.34000
5.48000
5.58000
5.30000
5.08000
5.02000
5.50000
5.08000
5.74000
5.90000
4.84000
4.66000
5.66000
6.22000
6.02041
5.08000
5.44000
5.66000
3.16000
7.44000
6.20000
7.40000
5.30000
5.24000
4.88000
5.04000
4.36170
6.10000
5.83673
4.92000
5.12000
4.68000
5.00000
5.14000
4.68750
6.88000
5.28571
4.31250
5.38000
4.12000
2.68000
5.48000
5.80000
4.86000
6.78000
6.80000
5.66000
6.68000
7.06000
4.14000
5.46000
4.84000
4.36000
3.42000
3.60000
5.18000
4.60000
6.18000
5.16000
5.52000
5.22449
6.14286
4.54000
5.53061
5.64000
5.28000
5.30612
5.72917
6.06122
6.54000
5.06000
5.20000
4.96970
5.75510
5.26000
7.14000
7.60417
7.04000
6.74000
5.96000
5.46000
5.96000
5.26000
6.26000
6.14000
2.50000
2.58000
3.85417
4.76000
3.54000
3.64000
5.84000
6.06000
4.34000
3.46000
4.04000
2.52000
6.76000
6.48000
7.10000
6.64000
6.42000
6.40000
4.46000
4.62000
4.46000
5.58000
5.92000
4.66000
2.50000
3.58000
3.32000
5.24000
4.24000
5.46000
6.10000
3.84000
3.88000
3.42000
5.58000
3.74000
6.24000
5.74000
6.72000
6.56000
5.84000
5.92000
6.08000
4.26000
4.52000
3.56000
5.78000
4.46000
4.40000
5.36000
4.82000
2.02000
1.84000
5.12000
5.04000
5.62000
5.66000
4.88000
4.88000
5.26000
4.91837
4.16000
6.18000
6.00000
5.66000
5.44000
5.42000
5.72000
6.08163
6.82000
6.08000
6.04000
5.54000
4.78000
4.84000
5.14000
5.12000
5.36735
6.87755
5.66000
5.30000
6.38000
5.36000
5.96000
5.97917
5.18000
6.02000
6.62500
6.42000
5.54000
5.80000
2.64000
4.76000
5.24000
7.10000
4.69388
7.44000
5.98000
6.82000
6.60000
6.96000
5.12000
6.48000
5.30000
3.78723
3.47917
3.33000
3.18000
2.87755
5.56250
5.70000
5.26000
3.58000
6.44000
6.76000
5.82000
6.62000
5.36000
5.32000
6.00000
5.36735
5.04000
5.68000
5.74000
5.00000
5.44898
5.34000
6.38776
5.12000
4.94000
5.04000
6.68000
6.36735
5.84000
7.16000
6.57143
6.38000
5.50000
5.92000
5.32000
6.04082
4.46000
3.95918
7.76000
6.28000
3.97872
5.20000
2.48000
3.14000
2.40816
2.06000
2.02000
2.06000
7.16000
7.02000
2.92000
6.59184
4.90000
5.02000
5.87500
6.62000
5.02000
5.18000
5.76000
4.70000
4.80000
6.06000
3.82000
3.85714
4.29167
3.90000
4.38000
4.64000
5.51020
3.78000
4.32000
3.54000
3.96000
3.94000
3.57143
4.86000
4.30612
4.52000
4.74000
7.48000
4.24000
3.42424
4.82000
4.18000
4.74000
8.10000
8.08000
7.76000
7.58000
5.10000
3.16000
4.86000
5.10000
3.10000
6.80000
5.50000
7.10000
3.50000
3.65306
5.20000
3.84000
4.30000
3.66000
5.42000
4.48000
6.32000
5.62000
6.12000
5.08000
4.30000
6.10000
5.77778
5.10000
4.85714
6.44000
6.22000
4.95918
5.24000
5.94000
5.78000
5.44898
5.06000
6.20000
4.68000
6.04000
6.48000
6.38776
6.30000
5.58000
5.70833
5.66000
4.91837
6.54000
5.36000
5.12000
5.38000
5.53061
5.08000
5.58000
5.92000
5.02000
5.56000
5.44000
6.84000
6.64000
6.58000
6.04167
4.98000
5.02000
5.00000
5.30000
5.28000
5.14000
5.30000
5.32000
4.98000
5.00000
4.90000
5.28000
4.76000
5.28000
5.04000
7.12000
5.66000
7.58000
6.96000
5.70000
4.89796
6.78000
5.10000
6.14000
4.90000
6.34000
6.24000
4.78000
5.14000
4.86000
4.98000
6.02000
2.94000
3.56000
2.12000
2.69388
3.66000
5.28000
5.24000
3.82000
5.02000
5.06000
6.34000
5.97872
5.86000
5.36000
5.98000
6.34000
6.52000
4.06000
5.72000
5.54000
6.16000
5.68000
5.64000
5.82000
5.88000
5.87755
4.64000
5.57143
5.18000
5.64000
4.88000
6.92000
5.96000
5.62500
6.20000
2.70000
5.82000
5.74000
6.26000
7.08163
6.64000
5.77083
5.90000
5.68000
5.64000
5.88000
5.68000
7.20000
6.08000
5.98000
6.60000
5.76000
5.60000
5.50000
5.27660
5.08511
5.08000
5.72000
5.06000
5.32000
6.24000
5.60000
5.42000
5.04000
5.24000
4.76000
5.73469
6.18000
4.28000
4.46939
5.64000
4.91837
5.16327
5.46939
5.38776
6.60000
6.24490
6.72000
3.14000
3.53061
4.04000
7.86000
4.26000
5.80000
5.68000
5.06000
5.74000
6.00000
5.54000
6.54000
5.97959
6.64000
6.06000
5.26000
6.34694
4.68000
5.30000
5.48000
5.95918
7.16000
6.10000
6.58000
4.24000
5.18367
5.48000
5.08000
4.86000
4.88000
4.84000
4.95918
3.44898
6.90000
6.20000
5.10000
5.46000
5.96000
5.36000
5.72000
5.84000
3.38776
3.92000
3.55102
5.12000
5.02000
4.78000
5.02000
5.60000
5.00000
5.38000
5.04000
5.36000
5.28000
5.90000
5.24000
7.22000
6.48000
5.04000
4.98000
4.63265
4.86000
7.44000
6.06000
6.60000
7.10000
6.10000
6.00000
6.50000
5.96000
2.58000
5.30612
5.28000
5.42000
5.26000
5.26000
5.46000
5.16000
5.64000
4.89796
5.16000
5.44000
5.40000
5.38000
5.04000
5.28000
5.62000
5.41667
5.56000
5.40000
5.76000
5.28000
6.18000
6.62000
2.46000
2.46000
5.42857
5.08000
5.10000
5.16000
5.14000
5.32000
5.48000
5.54000
5.18000
5.56000
5.56000
5.38000
6.00000
4.24000
5.38000
5.50000
5.08000
5.50000
5.08000
5.08000
4.90000
4.60000
4.63265
5.14000
6.61224
5.68000
3.46000
3.10000
5.00000
5.80000
5.36000
5.92000
2.60000
2.50000
5.40000
3.74000
5.04000
4.56000
5.06000
4.94000
3.90000
3.86000
4.08000
4.58000
5.44000
5.98000
5.84000
6.00000
6.62000
4.26000
4.34043
4.94000
6.48000
6.06000
3.72917
3.73469
4.36000
4.16000
4.16000
4.92000
3.94000
5.90000
6.14000
6.24000
7.14000
4.24000
5.06000
6.42000
5.70000
6.32000
5.44000
5.64000
7.40000
2.86000
2.74000
5.66000
4.99000
4.12766
4.34694
5.56250
4.02000
3.96000
4.02000
4.70000
5.40000
5.02041
4.92000
4.65306
2.58000
6.60000
7.06000
7.12000
6.14000
3.50000
5.73469
5.36000
5.65306
3.40000
2.72000
4.66000
5.36000
3.66000
6.58000
6.28000
6.12000
6.40000
6.34000
6.12000
5.56000
5.58000
5.18000
4.42000
6.50000
2.68000
6.76000
6.22000
5.00000
4.92000
5.04000
5.44000
3.86000
5.52000
5.42000
5.44000
5.94000
5.44898
5.36000
4.90000
5.14000
5.56000
5.24000
5.94000
5.92000
4.87755
5.83673
5.58000
5.32000
7.76000
7.62000
7.58000
7.86000
8.16000
7.62000
6.20000
6.14286
6.00000
5.16000
3.14000
3.73737
3.48000
3.68000
3.30000
4.16000
3.14000
4.30000
4.78000
4.30000
2.08000
2.24000
2.22000
6.32000
6.32000
5.22000
5.16000
6.74000
5.52000
5.60000
5.54000
5.84000
6.08000
5.68000
1.30000
5.08000
5.30000
6.60417
5.74000
6.30000
5.74000
5.34000
5.82000
4.72000
5.56250
6.40000
7.14000
5.52000
4.98000
7.80000
7.28000
7.38000
6.38000
7.88000
6.96000
7.04000
7.16000
7.94000
7.68000
5.70000
4.80000
6.08000
7.12000
6.44000
6.85714
5.48980
5.00000
5.76000
6.04000
5.76000
6.44000
6.60000
6.76000
6.20000
6.48000
6.22000
4.92000
5.14000
6.64000
4.80000
6.32000
6.26000
6.52000
5.32000
5.48000
5.34000
2.66000
4.32000
5.48000
6.30000
7.42000
6.72000
6.74000
6.82000
4.08000
5.44000
4.72000
5.46000
5.72000
6.18000
5.86000
6.00000
6.88000
6.00000
6.66000
4.81633
5.34000
5.40000
3.14000
3.52000
3.60000
3.08000
3.18000
3.52000
3.28000
5.88000
5.54000
5.74000
5.22000
5.06122
5.44898
4.24000
4.16000
5.98000
6.28000
5.16000
7.64000
7.22000
7.92000
7.88000
7.30000
7.88000
4.93878
5.06000
5.94000
6.84000
6.52000
3.64000
6.30000
5.93878
6.18000
5.02000
6.76000
3.47917
4.75000
4.28000
5.68000
5.34000
5.64000
5.74468
5.90000
6.58333
5.06000
5.36000
6.58000
3.76000
5.52000
3.36000
5.70000
4.98000
5.30000
5.56000
5.22000
4.84000
6.18000
4.76000
5.32000
5.42000
5.10000
4.94000
6.20000
6.56000
5.30000
5.08000
5.67347
5.36000
5.14000
5.18000
4.28000
4.10000
5.04000
4.94000
5.32000
5.22000
6.24000
7.06000
7.06000
6.50000
6.06000
5.90000
5.58000
6.46000
5.82000
5.84000
5.55102
5.48000
5.38000
4.38000
4.44000
5.04000
5.40000
5.20000
4.58333
5.36000
4.76000
4.92000
5.18367
6.88000
6.38000
6.38000
6.54000
7.58000
5.08000
5.12000
5.96000
2.86000
3.55102
2.70000
5.72000
4.12000
5.52000
5.06000
4.90000
6.66000
6.56000
6.36000
6.44000
6.70000
6.44000
6.26000
5.74000
6.02000
3.10000
3.52000
3.73469
2.46000
4.36000
6.22000
5.38000
5.94000
5.64000
6.28000
6.36000
6.74000
5.22000
5.64000
5.92000
5.82000
5.58000
5.86000
5.36000
5.02000
4.75510
6.10000
5.84000
4.76000
6.66000
5.42000
4.86000
5.30000
5.32000
4.76000
4.84000
4.08000
4.94000
5.71429
6.14000
6.08000
5.28000
4.50000
4.95918
4.82828
4.86000
5.44000
5.44000
5.30000
5.80000
5.16000
6.44898
6.76000
7.06000
5.64000
5.51020
4.96000
4.92000
5.82000
6.40000
2.94000
2.66000
5.66000
4.66000
4.94000
4.94000
3.98000
4.54000
2.84000
6.96000
5.12245
5.12000
1.76000
1.48000
1.30000
5.42000
4.94000
4.06000
5.40000
5.16000
4.94000
5.12000
4.90000
4.28000
5.12000
5.54000
5.38000
5.50000
5.78000
4.76000
4.76000
6.22000
4.74000
4.88000
4.73469
7.40000
7.44000
7.40000
7.40000
6.68000
4.94000
5.04000
5.28000
5.10000
4.98000
6.96000
6.64000
6.68000
5.92000
5.40000
2.30000
5.16000
4.92000
6.12000
6.28000
5.02000
5.34000
5.28000
5.54545
5.28000
5.84000
6.06383
5.42000
6.60000
5.46000
5.10000
5.24000
5.20408
5.04167
5.08000
5.00000
4.66000
5.16000
5.10000
5.35417
5.62000
4.98000
5.40000
5.34000
4.98000
5.04000
4.96000
5.70000
2.94000
2.28571
5.58000
5.74000
5.58000
5.76000
6.20000
5.34000
6.28000
6.38000
5.30000
3.82000
3.79167
5.79167
5.06000
5.94000
4.72000
4.92000
5.06000
5.51020
3.46000
3.79167
5.75510
4.94000
5.14000
4.78000
6.38000
6.22000
5.90000
6.14000
5.38000
2.36000
2.62000
2.88000
5.72000
4.98000
5.33333
4.68000
7.08000
6.97959
5.00000
6.08163
5.62000
5.52000
5.00000
4.83673
4.78000
4.46000
4.98000
5.22000
5.67347
4.78000
2.94000
2.61224
5.70000
5.06000
5.44000
5.86000
5.54000
5.14000
5.94000
5.46000
4.94000
4.30000
5.32000
6.34000
4.82000
5.94000
5.50000
4.40000
5.06383
5.06000
4.85417
5.38000
5.24000
6.18000
4.60000
5.20000
4.77551
5.00000
5.22000
5.22000
5.38000
5.70833
5.74000
5.54000
5.58000
5.66000
5.08000
5.06000
5.32000
4.90000
6.24000
6.28000
4.65306
3.34000
5.20000
5.40816
5.22000
5.60000
5.56000
4.92000
5.34000
4.98000
6.86000
3.48000
4.85859
4.81250
5.06122
6.22000
6.00000
5.74000
5.02000
5.00000
4.92000
5.10000
5.14000
6.80000
4.89796
4.88000
5.64000
5.76000
5.08000
4.06000
5.42000
3.52000
5.62000
6.18000
6.10000
5.24000
5.44000
5.44000
5.66000
6.14000
5.98000
5.70000
5.56000
5.52000
5.22000
4.76000
5.26000
5.54000
5.10000
4.84000
6.76000
5.42000
5.60000
6.04000
5.10638
3.62000
3.36735
3.36000
5.82000
1.58000
1.82000
5.42000
4.46000
5.68000
5.78000
6.02000
6.40000
6.40000
6.38000
6.61224
3.96000
5.24000
6.66000
6.18000
6.08000
6.18000
6.68000
4.79592
4.82979
6.12000
5.72000
5.66000
5.88000
6.06000
5.48000
6.84000
5.92000
7.10000
5.00000
5.00000
5.08333
5.14000
5.28000
4.86000
6.18000
5.52000
5.58000
6.20000
6.40000
6.12000
6.58000
3.34000
2.06000
2.34000
6.14000
5.52000
5.98000
5.86000
5.74000
6.18000
5.22000
4.92000
5.62000
5.74000
5.40000
5.28571
6.22000
6.18367
5.08000
5.30000
5.92000
5.72000
5.50000
5.34000
6.04000
6.16000
3.43750
3.08000
2.68000
7.18000
6.42000
6.56000
6.26000
6.78000
7.40000
6.12000
5.74000
5.42000
6.74000
5.56000
4.42000
6.70000
6.22000
7.12000
6.98000
5.48000
3.86000
3.02000
6.72000
5.64000
5.58000
5.94000
5.36000
5.36000
4.90000
3.96000
4.74000
5.92000
5.32000
6.22000
5.22000
5.38000
4.46000
5.48000
5.58000
4.60000
6.10000
5.54000
7.00000
5.98000
4.76000
4.32000
6.98000
4.44000
7.46000
5.16000
5.00000
2.78000
2.78000
3.42000
5.48000
5.36000
7.08000
6.86000
5.30000
5.44000
7.22000
6.93878
5.68000
5.60000
7.42000
6.02000
5.06000
5.78000
4.88000
2.18000
4.82000
5.02000
4.66000
5.62000
5.34000
5.02041
4.98000
4.98000
5.36000
4.76000
4.66667
5.12000
5.36000
2.53061
1.97959
6.18000
6.00000
6.64000
5.38000
4.94000
4.76000
6.16000
5.56000
3.06000
5.20000
5.24000
5.16000
5.18750
5.32000
5.20000
4.71429
5.32653
4.83333
6.70000
4.70000
5.48000
5.04000
5.44000
5.00000
5.36000
5.42000
5.38000
5.63265
5.90000
5.60000
5.88000
6.14000
6.40000
5.20833
4.12000
4.54000
4.00000
4.92000
5.46000
5.02000
5.52000
5.40000
5.32000
5.06000
5.24000
5.12000
5.28000
5.56000
5.32000
5.22000
5.12000
5.34000
4.96000
5.52000
4.82000
4.96000
3.52000
3.92000
2.74000
4.20000
4.55102
4.56250
5.84000
6.54000
5.72000
4.66000
4.90000
5.92000
4.72000
4.88000
4.64000
4.94000
3.10000
3.87755
3.64000
6.80000
3.96000
3.38776
4.52000
4.60000
5.04000
5.08000
4.19149
4.72000
6.56000
6.84000
6.85714
6.58000
5.22000
4.65306
5.44681
4.92000
2.12000
3.34000
5.45833
4.06000
2.93878
2.76000
2.12000
2.72917
5.02000
5.26000
6.04000
5.28000
6.98000
5.50000
6.64000
7.32000
5.26000
6.92000
6.32000
6.84000
6.56000
6.74000
6.12000
2.84000
4.04000
4.24000
4.04000
3.48000
6.60000
6.32000
3.77551
5.46000
4.18000
4.57143
4.68750
4.77551
4.94000
5.08163
3.51020
4.44000
6.02000
6.14000
6.26000
5.72000
6.06000
6.14000
6.24000
6.58000
5.64000
5.78000
5.34000
5.82000
6.08000
2.56000
6.20833
5.66000
4.16667
6.27083
6.20000
4.96000
5.84000
5.18000
4.54000
3.46939
5.52000
5.32000
6.26000
6.58000
5.52000
5.68000
5.64000
4.60000
7.10000
2.52000
5.48000
5.48000
5.72000
5.00000
5.22000
5.66000
5.16000
5.60000
5.48000
4.52000
4.68000
4.66000
6.12000
5.08000
7.92000
6.14000
4.72000
3.81633
7.40000
7.36000
7.30000
6.70833
6.08000
6.26000
7.12000
6.36000
6.88000
6.72000
5.58000
5.48000
4.34000
5.20000
5.32000
6.96000
4.92000
5.62000
5.40816
5.50000
5.86000
5.56000
5.32000
6.62000
6.78000
5.78000
5.62500
5.30612
4.81633
5.64000
4.84000
5.62000
4.91837
4.95918
5.40816
4.88000
4.82000
6.36000
6.08000
6.28000
5.02000
4.81633
5.22000
6.08163
6.51020
4.90000
3.24490
5.64000
6.18367
5.02041
4.78000
5.36000
5.56000
5.32653
4.20000
5.16000
5.58000
4.84000
5.66000
5.28000
5.44000
4.80000
5.14000
5.70000
6.12000
5.04000
5.77551
5.24000
5.36000
5.52000
5.60000
5.64000
4.22000
5.24000
4.94000
4.96000
5.30000
6.02041
4.16000
3.00000
2.38000
2.32000
6.18000
5.88000
7.58000
7.98000
5.00000
5.56000
6.48000
6.52000
5.30000
4.93750
4.88000
5.16000
5.92000
5.20000
4.42000
5.72000
5.60000
5.86000
5.76000
5.92000
4.89796
5.12000
5.52000
6.28000
6.72000
5.46000
5.91837
6.26000
2.62000
2.74000
2.86000
1.86000
2.06000
6.24000
6.00000
6.28000
5.62000
5.60000
6.46939
6.69388
2.08000
6.04000
6.62000
6.77551
6.54000
5.30000
6.30000
6.60000
6.32000
6.40000
6.00000
5.94000
5.59184
5.76000
6.88000
5.92000
5.91000
5.30612
5.80000
6.04000
6.59184
5.56000
4.70833
5.00000
5.76000
5.56000
3.75510
5.50000
5.40816
5.56000
5.78000
6.30612
6.36735
6.36000
6.64000
5.14000
5.12000
3.86000
4.86000
4.86000
5.04000
5.80000
6.12000
5.58000
6.08000
6.02000
5.16000
5.02000
5.67347
5.06000
6.90000
5.04167
5.02000
4.60000
4.86000
5.20000
3.34000
5.06000
4.86000
5.04000
4.56000
5.00000
5.00000
4.20833
4.10000
6.44000
6.40000
5.44000
5.82653
4.82000
5.58000
3.74000
4.32000
4.22000
3.68000
4.53061
4.72000
5.36000
5.72000
5.95918
6.02000
6.00000
5.60000
5.74000
6.18000
5.70000
4.98000
4.78000
5.94000
5.26000
5.34000
4.98000
5.36000
5.02000
5.12000
5.28000
5.50000
5.70000
5.08000
4.66000
5.38000
1.80000
4.18000
4.84000
6.72000
5.58000
7.24000
4.26531
3.52000
5.20000
3.34000
5.00000
5.74000
5.55102
1.90000
4.82000
4.60000
5.74000
5.92000
5.30000
6.04000
4.63265
4.28000
3.70000
5.70000
2.70000
2.78000
3.22000
4.44000
5.70000
5.46000
5.62000
5.60000
5.84000
6.70000
6.32000
4.80000
6.34000
6.40000
6.10638
5.44000
5.24000
5.10000
5.30000
6.38000
5.36000
5.58000
5.50000
5.62000
2.84000
2.93878
7.38000
7.14000
3.36000
2.40000
5.94000
5.50000
5.16000
4.08163
5.88000
5.48980
5.84000
6.28000
6.24000
6.16000
7.34000
7.06000
5.38000
5.76000
5.24000
4.44000
5.08000
5.26000
8.00000
7.70000
5.30000
5.06000
2.22449
3.02041
4.76000
4.91667
4.73469
4.69388
4.52000
5.00000
5.14000
4.20000
4.76000
4.78000
7.16000
5.10000
6.68000
5.48000
4.04000
4.80000
5.70000
4.76000
4.88000
4.90000
4.81633
4.86000
4.68000
4.02000
5.68000
5.36000
6.10000
5.02000
5.50000
5.14000
4.92000
3.32323
6.44000
5.40816
4.80000
4.80000
5.53061
4.58000
4.76000
6.31250
5.78000
6.16000
4.96000
4.92000
5.02000
5.00000
5.00000
5.16000
5.52083
4.92000
5.38000
4.94000
5.12000
5.04000
3.30000
4.20000
5.72000
5.76000
5.08163
5.36735
5.52000
6.30612
6.28000
5.70000
5.34000
5.34000
5.06000
5.00000
5.22000
5.06000
5.88000
5.64000
5.92000
4.94000
5.95918
3.14000
3.40000
4.80000
4.88000
4.68000
4.98000
5.36000
3.38000
4.62000
5.46000
5.62000
5.34000
4.80000
2.86000
5.40816
4.86000
4.78000
6.62000
6.36000
5.00000
6.12000
4.79167
5.06000
5.50000
6.98000
6.02000
5.46000
5.20000
5.12000
6.40000
5.70213
5.44000
8.12000
5.80000
5.56000
6.10000
6.02000
5.72000
5.30000
6.42000
6.28000
5.98000
6.52000
6.44000
7.78000
7.62000
8.04000
7.44000
5.90000
5.04000
4.68000
4.72000
5.12000
6.18000
4.96000
5.56000
7.02000
7.10000
6.92000
6.73469
7.20000
6.74000
6.44000
3.80000
5.72000
3.72000
5.34000
3.54000
4.82000
4.78000
5.74000
4.72000
4.72000
5.24000
3.18000
5.18000
5.56000
5.10000
4.65306
6.84000
7.12000
5.50000
7.12000
6.32000
8.10000
3.70000
7.08000
6.42000
7.76000
6.02000
7.34694
6.78000
4.08000
5.78000
6.06000
5.04167
6.16000
6.10000
6.84000
5.82000
5.56000
5.38000
6.04000
4.92000
4.76000
5.24000
5.44000
5.56000
5.78000
5.82000
5.56000
5.78000
5.50000
5.76000
6.52000
5.96000
6.24000
6.56000
4.04000
4.22917
2.42000
2.60000
2.82000
2.70000
6.32000
2.10000
6.78000
2.98000
6.90000
5.38000
4.76000
4.76000
4.40000
3.78000
3.86000
2.96000
2.42000
2.80000
7.46000
5.72000
5.86000
5.66000
3.68000
3.45833
5.36000
5.22000
5.44898
5.80000
5.96000
6.32000
6.02000
6.24000
6.12500
5.70000
4.70000
3.14000
5.64000
4.22000
4.70000
4.78000
4.82000
6.18000
4.92000
7.48000
6.24000
4.76000
4.93878
4.90000
7.24000
5.70000
6.02000
6.04000
5.12000
5.40000
4.48000
5.14000
5.22000
5.62000
5.70000
6.16000
5.18000
6.14000
5.54000
4.96000
5.58000
5.50000
5.22000
5.66000
5.38000
6.10000
5.12000
6.18000
5.90000
5.38000
5.30000
4.62000
5.14000
5.28000
5.88000
3.76000
3.08000
5.80000
4.66000
5.44000
5.96000
4.64000
6.74000
5.78000
4.98000
5.38000
4.70000
4.56000
5.20000
5.32000
6.20000
4.32000
5.34000
7.04000
5.69388
5.56000
5.62000
5.28000
4.96000
5.42000
6.24000
5.36000
5.42000
5.30000
5.02000
4.93878
6.82000
6.40000
5.60000
5.10000
6.24000
6.24000
6.62000
6.92000
5.10000
5.08000
4.80000
4.74000
3.16000
5.36000
4.90000
7.10000
7.22000
4.90000
4.66000
5.08000
4.57143
4.86000
4.83673
5.16327
3.44000
4.93750
4.63265
4.74000
5.44000
3.40816
4.90000
3.48000
4.00000
4.80000
5.32000
6.62000
4.68750
5.00000
5.00000
