5.64
5.74
5.24
4.26
5.1
7.3
5.9
4.88
1.48
3.14
3.44
6.14
7.7
5.32
7.28
6.24
5
5.6
3.64
6.24
6.22
4.88
5.04
5.22
3.5
6.76
5.46
3.66
4.3
4.52
5.04
2.72
7.14
5.66
5.86
4.74
5.22
4.88
4.98
5.42
5.54
6.16
5.7
5.6
5.46
4.86
6.6
5.56
5.88
6.56
6.04
3.76
5.4
4.92
4.82
5.82
5.82
6.1
4.54
5.24
5.26
5.86
5.72
6.56
5.66
7.18
5.34
5.44
5.52
5.4
5.74
5.64
5
5.04
5.84
6.08
4.86
6.34
4.68
5.48
6.36
3.88
5.22
3.12
3.94
6.38
5.92
4.8
3.16
6.32
5.3
5.12
4.58
5.74
5.86
5.02
6.18
5.24
6
6.42
5.18
5.4
5.38
5.92
5.28
5.8
5.34
5.9
5.46
5.38
4.86
5.96
4.9
5.2
5.14
5.18
5.66
3.58
4.92
4.52
6.16
4.24
5.98
5.18
5.38
5.4
5.68
6.82
5.94
6.02
7.1
6.78
5.44
5.74
4.4
6.38
3.32
5.92
6.94
6.28
4.8
5.74
5.64
5.8
5.6
4.74
5.66
4.82
5.74
7.32
7.48
5.46
2.36
5.48
7.8
6.66
5.8
3.94
4.74
5.78
1.98
2.86
5.46
4.48
5.22
5.9
5.22
6.08
5.76
7.6
5.58
6.1
3.84
5.4
6.14
5.54
3.48
4.52
5.5
6.32
8.06
3.54
5.3
2.38
6.56
5.76
5.78
5.68
4.38
4.28
5.94
4.22
6.76
4.98
4.2
3.18
5
6.68
5.02
6.2
5.3
4.92
5.06
6.8
6.14
5.6
5.96
6.38
5.78
5.36
6.22
6.88
5.32
5.74
5.34
4.38
5.4
5.3
5.64
5.42
3.22
5.62
4.34
4.92
6.56
5.52
7.8
6.22
6.96
5.32
6.1
5.44
6.6
5.78
5.9
5.48
5.98
6.8
5.82
5.4
6.9
5.46
5.58
5.98
5.34
4.78
5.96
5.32
5.24
6.34
4.96
3.28
5.94
5.28
5.82
4.26
6.32
5.62
6.04
5.48
5.12
6.96
3.12
5.04
6.28
6.08
5.28
4.64
3.34
5.52
5.74
5.48
4.48
6.14
6.78
7
5.24
6.56
5.06
6.14
6.76
5.86
5.2
5.1
5.74
6.12
5.08
5.9
5.26
4.7
5.8
4.16
3.02
6.54
4.68
6.78
5.88
5.34
4.02
4.9
5.3
6.34
7.2
5.66
5.84
5.08
4.62
5.74
5.56
6.16
6.84
5.54
5.8
4.64
5.62
4.92
5.42
6.4
4.66
4.34
8.08
6.08
5.44
6.24
4.8
6.92
2.94
4.04
4.96
5.2
5.28
7.58
5.66
5.76
5.56
4.5
5.78
4.72
5.48
5.28
5.84
4.3
5.28
4.88
5.12
6.18
5.96
5.38
5.04
6.2
5.76
6.2
5.82
5.92
6.24
4.6
5.9
2.88
6.24
6.62
4.84
5.48
5.9
5.92
5.2
5.94
5.4
6.44
5.72
5.22
6.9
6.04
5.94
5.12
4.66
5.66
5.3
5.46
5.24
6.04
7.24
5.12
5.88
4.8
6.18
6.76
4.36
7.76
2.9
6.9
5.56
5.72
5.66
6.1
6.92
4
5.2
5.52
6.08
6.44
6.38
4.8
6.4
5.24
6.98
7.08
4.5
5.42
3.72
4.86
3.52
7.16
6.04
4.92
5.66
5.26
6.16
7.2
6.02
5.92
5.22
5.48
6.16
5.18
5.66
6.04
5.5
5.58
5.5
6.12
5.64
4.4
4.82
5.38
6.2
5.12
5.94
5.92
7.16
3.68
4.64
8.02
5.82
6.14
6
5.8
5.74
5.78
5
6.16
7.68
5.16
6.12
5
5.3
5.74
2.84
6.06
5.38
5.56
7.4
4.82
5.4
5.5
5.4
6.22
3.62
6.32
5.3
4.82
5.4
7.26
5.42
4.2
5.7
5.68
5.48
2.66
5.34
4.68
4.22
4.88
2.9
4.74
5.64
5.44
5.52
6.44
6.2
5.04
5.58
5.54
4.88
5.08
3.82
5.8
3.2
5.06
5.22
4.98
4.6
5.2
5.14
2.68
5.38
6.82
6.42
5.4
6.1
6.32
6.22
6.4
4.82
4.08
6.16
4.04
5.7
5.16
5.3
3.5
4.98
6.5
4.94
5.66
5.62
5.28
5.52
5.5
5.5
5.52
4.74
6.24
6.06
5.22
5.88
6.16
5.94
6.62
6.58
5.84
4.7
5.88
6.04
6.64
6.58
6.18
5.46
5.86
5.08
3.58
4.5
7.66
5.68
3.76
5.44
7.04
6.22
6.24
5.54
6.04
6.68
4.24
3.32
5.68
5.14
4.46
6.82
5.22
5.28
5.16
5.96
4.64
4.66
6.66
5.92
4.96
5.14
4.64
5.28
2.46
5.9
5.38
5.36
5.2
7.06
4.78
6.42
6.36
5.72
6.52
2.62
6.1
5.2
6.42
5.44
5.54
6.3
5.58
4.86
3.72
5
5.66
5.66
4.66
5.86
5.68
4.86
6.06
5.02
5.34
5.82
6.1
5.42
5.94
5.02
4.88
4.76
5.32
6.16
5.76
5.86
5.46
5.72
6.74
5.12
6
7.34
5.34
6.92
5.94
4.6
5.08
5.38
5.08
5.9
5.48
4.6
4.68
4.9
4.6
6.24
5.46
7.22
6.6
5.58
5.76
4.4
4.84
5.28
5.5
2.66
4.98
5.56
5.24
3.34
4.28
6.04
4.52
7.28
4.82
5.62
3.88
4.02
6.08
5.08
5.44
6.44
3.76
5.24
6.36
5.62
4.98
2.78
5.26
5.5
5.48
5.88
6.84
5.38
5.72
5.32
3.46
5.24
6.82
6.54
5.16
4.72
5.46
5.16
5.48
5.12
5.68
4.68
5.52
7.3
6.56
4.12
4.64
4.8
5.2
6.8
4
5.5
4.46
6.62
5.12
5.34
4.84
4.68
4.96
5.94
5.08
5.72
5.52
4.24
6.52
5.74
4.12
3.72
5.72
4.76
5.88
6.58
6.38
5.14
5.18
6.64
5.96
5.86
4.96
5.58
5.76
5.56
4.6
3.64
5.36
6.82
6.28
5.54
5.4
6.14
5.24
6.22
6.6
5
6.5
6.08
5.62
4.52
4.78
5.18
6
5.12
5.96
5.4
6.06
7.74
6.72
5.46
3.62
6.12
5.32
5.72
7.9
5.94
5.38
6.76
6.08
6.48
5.56
5.32
4.54
7.26
5.32
4.62
5.34
4.22
5.3
5.32
5.5
4.7
5.82
6.64
6.12
4.88
5.64
5.58
5.3
5.04
4.68
7.4
4.54
5.42
5.74
6.34
6.38
5.2
6.24
5.5
3.88
6.32
6.56
5.68
5.82
5.4
5.82
4.98
2.9
5.26
5.12
7.3
5.3
5.84
4.94
2.62
6.24
5.78
4.72
6.98
5.3
4.62
5.28
5.96
7.64
3.44
4.96
4.6
4.78
4.9
6.26
6.26
5.18
6.3
6.36
5.32
5.74
5.6
4.9
5.88
5.32
5.28
5.02
5.72
4.36
7.28
5.32
5.18
3.68
5.36
5.46
5.58
4.24
3.84
6.14
8.04
4.62
5.14
5.8
5.18
5.22
6.26
5.3
4.7
6.3
5.32
6.38
2.78
6.98
5.3
5.2
5.02
5.72
4.78
5.6
6.1
5.52
5.9
3.8
4.46
3.2
5.78
5.92
6.06
2.96
4.9
4.92
5.24
4.64
5.94
5.86
6.52
4.88
3.66
4.78
4.4
5.76
5.16
6.86
4.64
3.32
5.72
5.46
5.66
5.98
5.76
4.68
6.24
6.04
6.66
6.3
5.36
4.9
8.12
6.4
3.66
4.82
7.42
5.4
3.12
4.98
6.14
5.66
5.4
4.54
5.92
6.82
4.92
5.68
4.72
4.94
4.88
5.18
6.52
6.5
3.28
4.86
5.12
7.44
5.82
5.38
4.98
1.68
5.4
4.9
5.66
7
6.16
7.32
5.46
6.4
5.66
4.78
4.86
5.48
5.18
5.58
5.78
5.66
7.56
5.78
5.6
5.94
5.74
4.68
5.64
4.9
6.58
4.68
4.66
5.7
4.84
4.7
5.26
3.6
3.38
6.98
5.88
5.46
5.28
5.34
3.78
6.58
6.04
5.96
5.14
5.04
5.3
6.34
5.66
4.76
4.88
5.64
3.62
4.68
5.94
7
5.3
5.54
6.48
4.88
4.9
5.36
6.16
5.74
6.68
3.54
5.84
7.52
3.16
6.98
2.76
5.48
5.48
6.8
5.16
5.42
4.4
6.58
4.28
5.32
6.84
5.26
5.5
5.82
6.34
6.54
5.24
3.2
2.62
5
5.6
5.38
6.56
6.64
5.4
4.94
5.66
5.12
4.94
5.2
2.06
2.88
4.68
6.06
3.78
6.54
5.4
6.58
5.54
5.12
5.62
4.7
5.48
5.92
6.04
5.42
7.08
4.84
5.92
4
5.44
7.64
5.82
4.8
5.74
5.24
3.94
6.26
4.76
7.96
6.38
6.18
5.18
5.08
6.22
5.74
5.86
5.26
4.06
5.48
6.7
5.14
3.98
7.52
4.68
6.84
5.62
4.66
6.84
5.6
4.44
4.3
5.48
6.98
4.76
6.14
2.04
6.08
6.14
5.44
6.96
5.32
6.26
6.28
4.8
5.34
5.98
5.62
5.02
6.14
5
5.74
6.16
5.18
4.96
4.96
5.96
5.76
5.1
6.02
6.32
5.72
4.72
5.52
5.22
5.8
5.28
6.3
4.1
5.68
3.7
2.26
5.74
6.52
6
6.04
5.24
5.38
5.9
4.42
4.9
5.4
6.94
6.7
5.8
5.44
5.54
5.1
7.38
5.26
4.88
2.3
4.94
5.3
5.64
6.1
5.26
5.34
5.12
5.66
5.5
5.48
4.56
5.94
5.44
5.58
5.98
4.96
5.22
4.6
5.78
5.54
3.14
5.04
4.58
5.16
5.68
5.66
5.7
5.14
5.04
5.78
5.88
5.36
5.82
5.36
5.52
6.28
5.86
6.16
5.22
5.16
5.7
4.58
5.38
5.08
4.58
5.32
5.46
5.7
6.28
4.52
5.38
4.74
5.46
5.38
6.8
6.06
6.06
5.1
5
5.6
4.86
5.4
5.96
5.74
6.18
7
5.84
4.58
6.7
5.44
4.78
5.32
7.1
4.1
5.72
4.42
4.74
5.6
4.24
4.68
5
4.76
4.22
5.78
5.84
6.64
4.98
6.34
5.72
3.64
6.18
4.9
5.68
2.56
6.04
6.28
5.06
5.08
6.66
5.64
3.22
5.5
5.72
5.86
5.74
2.7
5.7
6.56
3.26
4.98
5.26
6.76
5.48
6.36
7.62
5.32
5.72
4.88
5.46
6.82
5.12
5.02
7.54
5.6
5.52
4.96
6.18
5.54
7.46
5.32
5.46
6.36
5.52
4.92
5.64
5.3
6.48
6.1
3.56
6.74
6.52
5.24
5.3
4.68
7.04
4.88
5.24
5.02
5.02
5.26
4.84
5.12
5.06
5.06
6.1
6.56
6.34
6
4.84
5.16
4.86
5.24
5.34
5.92
4.98
3.84
6.58
6.78
5.76
5.82
6.22
4.96
4.8
6.1
4.28
4.86
6.44
6.36
7.52
5.9
5.96
5.16
4.68
6.06
5.8
5.68
5.26
6.98
5.18
5.46
5.16
5.5
4.86
4.84
5.34
7.18
5.38
5.36
5.44
6.2
5.92
5.9
5.24
2.66
6.04
5.6
3.08
5.28
5.84
5.1
5.24
5.82
5.14
4.84
5.28
5.84
5.9
4.32
5.38
6.1
6.96
5.08
5.76
5.22
5.32
3.22
3.88
6.12
6.36
6.48
5.24
5.96
5.6
5.04
4.92
5.46
5.6
5.52
7.12
5.76
6.16
5.56
5.42
4.84
5
5.58
5.36
4.72
6.1
5.26
5.64
4.52
5.56
2.7
6.48
4.56
5.92
5.42
6.5
6.22
3.82
5.6
5.78
4.58
5.38
2.58
5.16
5.1
5.56
5.76
5.16
5.5
4.92
6.48
5.94
6.54
5.6
3.42
6.5
5.3
5.48
5.1
6.42
6.36
6.5
5.62
5.52
4.84
5.16
4.84
5.04
5.08
5.4
7.28
5.2
5.36
5.68
5.36
5.1
6.06
5.3
5.1
5.66
6.2
5.32
4.44
3.54
6.08
4.16
6.66
4.82
6.4
5.4
5.64
5.2
5.8
5.64
5.4
6.08
5.54
6.24
4.8
5.22
5.34
5.68
5.44
5.16
5.26
7.16
2
7.84
5.64
3.72
3.7
5.62
5.24
5.8
5.26
5.04
3.92
2.1
7.78
7.02
5.38
3
5.92
5.6
5.18
6.68
5.26
5.94
2.86
5.4
4.74
5.08
5.68
5.44
4.76
5.74
5.42
4.3
5.54
4.72
5.1
7.88235294117647
4.86
5.72
4.74
5.66
5.08
3.7
4.88
5.16
7.36
5.04
6.16
2.82
1.98
4.66
6.54
5.66
1.58
4.7
5.8
5.4
6.14
3.06
4.86
5.82
4.94
5.12
5.2
5.02
6.12
2.48
4.46
4.98
6.86
6.3
5.78
4.66
3.8
6.94
6.44
5.32
1.9
5.48
5.16
5.4
5.22
5.82
4.66
5.22
3.44
4.8
6.16
5.7
4.72
5.58
5.18
4.34
5.52
5.4
5.26
4.58
5.14
5.62
6.32
5.42
6.98
6.06
5.22
4.86
6.72
5.3
5.58
5.72
4.64
3.96
6.56
5.32
6.2
6.38
5.3
6.06
5.5
4.9
2.68
5.06
7.12
4.82
5.98
6.08
7.18
5.4
5.58
5.22
2.76
4.44
5.82
5.28
5.36
4.92
5.16
5.56
3.54
5.28
5.82
4.76
5.78
4.48
3.86
4.24
6.44
4.88
5.1
6.48
4.48
4.44
5.5
3.48
4.88
6.16
2.36
4.54
7.54
5.06
5.92
5.5
4.7
4.92
6.3
5.36
4.8
5.94
5.2
5
4.1
4.74
4.74
4.86
2.82
4.98
5.48
6.44
5.68
4.42
7.02
4.94
4.96
3.72
5.82
5.3
5.76
6.36
5.72
6.14
5.38
5.3
5.02
3.06
5.72
6.56
7.3
6.42
5.62
5.38
4.16
5.08
6.22
4.88
5.88
6.26
5.28
6.64
4.8
3.7
5.64
5.82
5.78
4.64
6.22
7.8
6.24
7.5
5.7
6.46
6.28
4.64
5.26
6.66
5.22
5.16
6.86
3.62
5.64
5.74
5.7
6.18
4.84
5.02
6.82
7.26
6.02
5.74
4.68
2.26
6.1
5.04
6.44
6.02
6.06
5.22
5.44
5.58
5.7
6.7
4.9
5.98
5.72
6.22
5.64
5.42
5.26
4.02
2.62
5
5.7
6.22
4.9
5.1
4.36
5.06
4.96
6.62
6
5.6
6.54
5.66
6.72
6.88
5.04
3.34
5.14
1.92
6.22
3.48
5.42
4.68
6.58
5.6
5.08
5.3
5.27450980392157
5.28
6.22
6.54
5.46
6.54
6.6
5.84
5.26
5.48
7.54
4.8
5.94
5.82
5.4
4.9
4.82
5.08
5.56
5.22
5.3
5.8
6.34
6.12
5.58
5.72
5.46
5.82
6.6
6.64
6.36
5.34
5.8
6
5.46
6.38
6.54
5.94
6.28
5.26
6
6.7
5.66
6.02
5.38
4.94
6.34
4.46
6.44
6.66
6.42
5.7
5.06
6.16
3.62
4.92
4.66
5.38
5.2
5.1
5.58
5.58
5.62
6.18
2.44
5.92
3.76
7.6
3.32
5.18
6.54
2.92
5.3
6.56
8.16
3.38
5.3
6.94
5.42
1.8
4.96
7.44
5.76
5.92
5.56
3.66
6.54
6.6
5.54
4.64
5.82
4.14
6.02
6.96
5.56
5.46
6.88
5.26
5.06
5.02
5.78
4.62
4.26
5.48
5.34
5.52
6.32
4.12
5.84
6.14
4.58
6.9
3.4
4.68
5.26
5.3
5.08
5.84
5.46
5.42
5.84
5.72
5.74
5.12
4.94
5.68
5.84
5.9
5.46
6
2.74
6.5
6.46
4.56
5.06
6.48
5.78
3.54
5.34
5.76
5.94
4.54
5.46
4.1
5.98
5.36
4.74
5.54
5.96
5.86
4.98
4.82
6.14
5.08
6.04
7.54
5.54
4.96
5.36
4.74
6.32
5.68
6.44
6.36
4.5
5.36
4.56
6.58
2.16
5.32
5.82
5.28
5.38
4.02
5.48
4.02
5.9
5.38
5.62
6.1
5.78
4.6
4.5
6.18
5.66
4.92
6.68
4.94
5.06
5.2
5.78
5.94
2.1
4.8
4.76
6.46
4.74
5.6
4.86
3.24
5.82
5.52
5.72
4.74
5.3
4.96
3
6.76
5.14
5.56
5.18
6.02
5.24
6
4.64
5.42
5.2
6.52
4.14
3.88
5.22
5.38
5.4
5.64
5.04
7.5
4.86
5.82
5.66
5.34
6.6
5.68
5.12
5.66
5.32
5.98
5.6
6.84
5.96
5.98
7.36
6.4
5.56
5.92
6.26
4.74
5.32
5.98
2.7
4.78
4.5
5.38
5.6
6.22
7.06
5.5
5.66
5.12
5.04
5.8
5.78
5.78
4.94
5.38
5.8
5.2
5.92
3.76
4.7
6.6
4.58
6.2
6.28
4.78
5.34
6.64
5.78
6.08
4.96
5.5
6.36
6
5.3
3.26
3.36
5.62
5.36
5.52
4.02
5.26
6
4.88
4.96
6.94
5
5.42
6.12
5.36
6.9
5.4
3.8
7.14
7.44
5.44
5.54
5.54
5.88
5.92
4
5.6
4.84
7.9
5.46
6.8
7.84
5.54
5.18
5.6
5.1
6.08
3.12
5.52
5.4
5.8
5.42
5.06
4.9
6.04
5.78
4.82
5.66
5.2
4.1
5.76
7.18
5.36
5.24
4.94
6.5
5.52
4.96
4.82
4.94
5.7
5.78
2.32
5.44
4.22
5.26
6.16
5.2
4.92
3.84
5.74
5.12
5.62
6.36
5.36
4.17647058823529
5.18
5.76
5.52
5.46
6.08
3.1
4.82
6.28
6.18
4.34
6.32
4.9
4.82
4.66
6.08
4.94
5.98
5.44
4.86
5.28
5.14
6.88
6.06
4.4
5.52
6.66
5.56
5.9
4.48
4.66
5.56
5.86
4.98
6.48
4.52
5.14
5.18
5.66
4.76
5.3
6.06
5.98
5.64
3
6.18
5.64
7
7.46
6.86
4.86
5.1
4.16
5.8
7.9
5.18
5.32
5.4
5.44
5.56
5.78
4.96
6.02
5.66
5.9
5.36
3.88
4.88
4.82
7.34
4.78
5.98
5.58
5.68
6.7
6.04
5.02
6.12
5.56
6.26
4.42
5.8
5.3
3.94
6.98
6.5
5.42
6.9
4.96
1.78
6.26
6.66
5.54
4.62
3.96
5.46
5.58
5.14
5.68
5.9
6.1
5.62
5.74
5.18
4.64
4.22
4.66
4.52
5.02
3.3
3.76
5.54
4.9
6.86
5.42
3.62
7.08
5.32
5.28
4.94
5.82
4.76
6.68
4.92
5.34
5.08
5.84
5.68
5.56
5.66
6.16
4.9
6.82
5.78
5.3
4.76
5.86
6.32
5.24
6.04
6.3
5.1
2.24
5.02
6.24
5.8
5.54
5.24
4.98
6.08
6.48
5.84
6.08
6.72
7.5
5.06
6.64
5.16
5.16
6.54
5.9
5.9
6.86
6.42
5.34
5.14
5.94
5.18
6
6.86
7.38
5.98
5.64
4.66
6.68
5.78
6.2
4.96
3.62
6.96
4.52
5.42
5.48
7.14
5.46
5.48
5.5
5.54
3.72
5.2
7.62
6.12
3.72
5.16
5.2
6.62
5
5.72
4.98
2.68
4.2
5.7
4.86
4.88
5.82
4.88
5.84
5.64
7.04
4.94
4.88
5.78
5.68
5.06
5.96
6
5.12
5.3
6.04
5.64
5.66
4.92
5.38
4.76
5.02
5.9
5.9
5.32
4.8
6.04
5.66
5.9
5.6
5.64
5.28
6.46
4.64
5.76
4.74
5.44
5
4.9
5.46
5.16
4.72
6.16
5.86
5.86
5.7
5.56
4.02
5.42
5.26
5.52
5.08
5.44
5.06
5.34
5.12
4.98
6.3
5.78
4.98
5
5.9
6.04
6.44
6.4
2.28
5.7
5.44
4.76
5.32
3.26
4.98
5.08
5.42
5.1
5.5
6.26
6.44
5.98
5.06
4.74
5.74
5.16
5.16
3.04
5.16
5.9
5.18
2.14
4.86
6.28
4.96
4.94
3.28
3.02
5.1
3.74
5.36
5.1
5.14
6.56
5.92
5.34
5.46
5.68
5.52
4.7
5.76
5.62
5.94
5.28
5.04
7.02
5.18
5.22
7.56
5.28
4.16
3.66
5.18
5.78
4.84
6.16
5.06
5.18
4.9
4.34
6.46
5.44
5.1
6.06
3.54
6.3
5.38
5.06
5.34
5.5
5.34
6.22
6.06
5.2
7.34
4.82
5.92
5.14
2.98
5.28
4.14
5.3
5.4
5.94
6.04
4.42
6.1
5.02
5.38
3.76
5.34
4.82
5.26
5.8
5.66
5.02
5.72
4.84
6.88
7.04
6.76
6.04
3.92
4
5.24
5.18
6.32
5.28
5
6.06
4.74
5.98
5.7
5.38
5.88
7.8
4.82
5.9
6.78
5.66
5.98
5.38
5.88
5.9
5.92
6
5.52
3
5.4
5.26
5.4
4.06
5.96
4.92
4.88
5.04
5.74
5.48
4.92
3.72
5.74
5.72
6.4
6.28
5.48
4.86
4.9
6.88
3.92
5.94
6.66
5.82
4.86
6.88
5.86
5.12
2.12
4.94
5.16
5.7
6.74
4.4
5.22
5.24
6.28
5.9
5.66
5.4
7.44
4.98
4.34
5.18
5.72
6.14
4.74
6.18
2.98
5.04
2.16
5.62
3.36
6.66
5.44
1.84
5.82
5.04
3.6
6.08
6.64
5.6
5.88
5.46
4.6
5.74
5.36
5.54
6.64
5.7
4.94
5.7
4.84
4.9
5.5
6.92
4.1
7.1
4.98
6.5
6.2
6.34
6.14
5.9
5.26
6.32
4.98
5.38
4.38
4.48
5.7
4.48
5.08
5.92
6.76
6.08
5.34
6.5
6.14
5.38
3.4
5.3
5.46
5.5
5.7
5.88
5.76
5.48
6.4
4.52
3.58
5.58
5.2
5.78
5.5
5.5
5.98
4
5.32
5.22
4.7
2.86
5.04
5.38
5.7
5.42
4.78
4.92
7.22
5.24
5.7
5.76
5.28
5.74
4.5
3.3
5.66
6.16
6.22
6.18
4.78
4.34
7.5
5.38
5.62
4.48
7.18
5.02
4.68
5.58
5.32
4.7
3.8
3.66
4.12
6.12
5.88
5.3
6.42
5.08
4.88
5.6
5.3
5.74
6.74
5.84
5.52
5.92
4.98
5.12
5.22
4.66
6.56
5.5
5.98
4.56
3.7
5.44
6.78
6.88
4.52
2.54
5.06
4.78
5.32
6.18
6.06
6.44
5.64
7.12
5.96
5.22
4.44
3.32
6.16
4.46
5.54
4.76
6.06
5.4
4.96
4.98
4.38
5.58
4.82
6.44
6.42
5.5
4.3
5.36
4.82
5.04
5.3
4.8
6.04
5.92
5.42
5.76
5.3
5.5
4.78
4.78
5.5
6.48
4.8
4.8
5.44
6.92
3.42
5.2
5.96
4.98
6.22
5.7
4.86
5.66
4.16
5.24
6.68
4.84
6.52
6.44
4.74
4.62
5.9
6.14
5.52
5.5
4.42
5.12
5.02
5.34
6.7
5.7
5.1
5.2
7.02
4.34
5.6
6.28
5.28
6.82
5.5
5.56
6.3
5.34
5.46
5.44
6.92
5.52
6.16
4
6.1
5
6.02
5.74
4.56
5.48
2.16
5.06
5.44
6.08
4.06
5.66
5.76
5.28
6.2
5.26
5.44
2.8
5.18
6.14
6.22
3.18
5.42
5.78
6.28
4.78
4.26
5.14
5.06
6.58
6.02
5.58
6.78
6.7
5.42
5.82
5.26
5.08
3.86
5.76
5.36
5.76
6.76
5.54
5.44
2.86
7.04
6.18
2.84
4.82
6.42
5.18
3.56
5.1
5.78
5.34
6.6
6.14
6.7
5.32
5.36
5.06
5.88
5.76
5.44
5.46
5.8
4.8
5.76
4.12
6.06
5.02
5.28
4.36
5.36
5.38
5.38
5.22
4.94
3.74
2.68
6.34
4.58
5.32
5
7.82
4.92
4.96
6.36
6.44
5.58
5.42
6.54
4.96
5.72
5.28
3.6
6.44
5.1
5.48
5.28
5.86
6.04
6.1
2.82
6.2
5
5.28
6.32
6.58
5.84
5.86
4.76
5.42
6
6.04
5.4
5.74
5.84
3
4.02
5.64
5.7
5.38
6.06
6.5
5.78
4.44
5.14
6.48
5.66
4.96
6.88
6
5.62
5.12
5.44
4.38
5.12
4.96
5.48
5.3
7.6
4.86
5.52
5.46
4.94
5.78
6.28
6.14
5.76
4.96
5.82
5.86
5.1
5.74
6.08
5
4.82
5.24
4.56
3.1
5.3
5.44
6.74
6.44
5.24
5.54
4.82
6.12
5.98
3.88
5.54
5.86
4.92
4.46
6.54
5.38
5.96
5.52
5.1
6.28
5.42
6.58
4.96
4.88
5.28
2.48
5
4.8
4.18
5.96
4.88
5.3
5.8
5.3
5.7
5.36
2.56
4.96
7.06
5.08
5.6
5.72
5.46
5.76
4.98
5.62
5.42
6.04
5.72
5.48
7.72
6.54
5.64
3.32
5.32
5.96
6.22
2.88
6.14
4.64
3.16
5
4.98
5.42
5.84
4.98
6.58
5.06
6.5
5.32
6.9
4.72
6.4
4.96
5.08
7.62
3.58
5.36
4.8
2.6
5.26
6.18
5.72
5.5
5.22
5.3
4.78
5.32
6.02
5.58
5.84
6.8
5.5
5.68
5.36
2.8
6.88
3.24
4.98
4.02
7.28
5.92
4.82
5.54
4.96
5.22
5.84
5.54
5.26
5.2
5.52
5.48
7.72
6.04
6.22
5.36
4.92
5.9
5.78
4.98
6.3
1.7
5.54
5.38
5.52
6.9
5.22
4.84
5.04
7.96
5.4
3.88
5.14
4.86
4.76
4.5
5.26
4.5
6.1
6.3
4.92
5.7
4.88
2.52
6.74
5.7
5.12
5.7
6.84
6.22
5.08
5.2
4.74
5.46
4.82
5.14
6.02
5.3
6.06
5.08
5.14
5.98
5.86
4.42
4.14
5.74
6.7
5.38
5.88
5.6
6.38
6.04
7.08
2.68
5.48
5.1
5.98
5.86
4.58
5.78
4.88
5.1
5.06
5.46
4.3
4.7
5.02
5.8
4.68
5.64
5.48
5.48
6.06
5.14
5.92
4.94
5.7
6.82
5.18
7.3
7.42
6.76
6.34
3.98
6.32
6.24
4.66
5.44
5.2
4.98
5.56
4.5
4.72
4.84
4.7
4.06
5.84
5.16
5.36
5.12
7.56
7.04
6.16
4.94
4.76
5.12
5.6
4.78
5.42
5.22
5.4
4.92
5.94
5.82
4.78
5.64
5.6
4.28
5.14
6.98
6.86
5.86
4.82
3.18
5.94
5.22
4.42
5.7
4.92
5.1
5.94
7
6.82
5.66
3.78
5.18
4.84
5.78
5.26
5.16
6.44
5.96
5.92
5.84
4.7
6.08
6.16
2.1
5.68
6.12
6.5
5.88
5.2
3.62
6.1
5.32
5.24
4.76
3.14
5.62
5.34
4.1
5.16
6.62
5.52
5.22
5.44
5.76
5.64
5.34
5.08
2.94
6.52
4.98
5.22
5.6
4.96
4.78
5.72
7.7
6.06
5.74
5.2
5.4
5.38
5.94
5.84
4.8
5.48
5.98
5.08
5.02
6.32
5.1
5.48
4.74
6.98
3.56
4.18
5.98
4.74
6.3
4.1
7.34
6.5
4.54
5.34
5.68
6
5.2
4.9
5.06
5.04
4.68
5.26
5.02
5.38
3.52
5.66
5.06
5.02
5.52
5.66
4.9
4.86
6.08
5.22
7.16
5.5
5.8
5.66
5.86
5.68
5.74
4.9
5.6
5.14
4.9
6.38
6.62
3.74
6.52
3.96
5.38
6.14
5.88
6.02
5.72
5.22
5.64
5.4
4.92
5.4
5.82
5.94
5.58
4.94
5.64
5.28
6.1
3.3
5.76
5.3
5.5
4.76
5.36
4.76
6.06
2.68
6.72
5.62
4.22
5.06
5.5
4.24
6.06
6.92
6.54
5.5
5.14
5.18
4.74
6.62
5.04
5.84
6.84
4.64
6.02
5.24
6.76
5.08
4.38
4.84
5.52
6.14
4.64
4.36
6.76
5.56
6.94
6.5
6.12
7.08
6.36
3.4
6.56
5.78
5.84
7.76
2.98
6.58
4.86
4.94
6.16
5.3
5.8
6.12
6.76
4.08
5.58
5.8
4.36
6.44
6.6
5.08
6.06
5.36
6.24
7.06
5.7
5.26
5.44
5.04
5.02
5.52
5.26
6.22
6.14
5.58
6.16
5.92
5.74
5.26
2.44
5.16
5.28
5.76
6.6
5.14
5.3
3.78
7.38
4.9
5.26
5.26
5.58
3.96
4.74
5.26
5.12
5.3
5.44
6.12
6.06
3.64
4.88
5.32
5.16
5.78
5.78
5.6
5.56
5.2
6.76
5.56
5.76
5.42
6.16
5.38
4.34
5.96
5.18
5.06
5.5
6.18
5
6.96
6.18
4.62
4.3
6.32
5.1
5.4
5.18
3.9
5.82
6.88
5.58
2.58
5.48
2.62
5.98
5.34
5.84
5.92
6.28
5.22
6.06
4.7
3.74
5.24
6.74
5.7
6.94
3
5.66
5.8
5.28
6.96
4.84
5.58
5.54
5.88
5.68
5.86
2.64
4.98
5.98
5.3
5.04
6.18
5.46
5.02
5.92
5.5
5.98
4.84
5.18
4.88
4.72
4.88
3.86
4.68
5.28
5.46
5.22
5.6
6.4
5.64
6.76
6.24
5.58
6.12
6.16
5.78
5.64
5.38
4.82
5.18
6.52
5.02
5.18
4.28
5.62
5.6
6.06
5.14
4.52
6.34
2.12
6.36
5.76
6.58
5.4
5.4
5.9
5.04
6.2
4.94
5.72
4.92
4.74
6.4
5.6
5.5
4.76
4.96
5.92
5.46
5.32
7.14
5.24
5.86
3.98
4.94
5.28
4.74
5.14
3.5
4.02
5.32
4.38
5.36
2.82
5.32
5.46
5.56
3.94
5.28
4.4
4.84
4.86
5.78
5.06
5.82
6.3
5.38
5.14
5.7
4.86
5.74
5.34
5.58
6.66
6.2
5.98
5.72
2.74
5.88
3.84
5.78
5.14
5.32
5.98
5.06
5.16
5.12
4.08
5.86
8.14
5.4
5.06
6.46
5.74
3.24
5.3
6.34
5.84
4.86
5.12
4.92
6.82
5.8
5.84
4.06
5.22
5.68
2.52
5.68
6.36
6.12
5.4
4.12
5.46
5.8
5.08
4.28
2.2
5.84
4.74
5.26
6.1
5.12
6.4
5.38
5.22
6.22
5.8
5.22
6.12
2.3
5.24
7.98
4.52
6.32
6.98
4.14
6.92
5.96
5.12
5.44
6.92
6.18
5.54
3.64
5.4
6.04
5.58
5.28
6.02
5.84
6.34
4.86
5.9
4.26
6.14
6.42
5.78
5.24
4.46
5.32
5.92
6.12
6.12
5.64
5.6
3.8
5.34
6.8
5.92
3.9
5
4.58
5.9
6.06
7.34
6.98
5.2
5.1
4.52
6.06
6.26
4.82
5.72
6.14
5.76
5.78
5.56
4.14
5.84
6.56
5.64
7.12
4.28
6.58
5.38
4.6
5.14
5.5
5.44
4.92
6.14
6.62
5.12
5.88
4.42
6.52
5.46
4.52
5.14
4.86
5
5.18
5.72
3.48
5.82
6.16
5.1
5
6.46
6.62
5.78
2.46
5.74
4.88
3.36
6.18
5.46
5.46
5.54
6.04
5.46
4.74
5.6
7.58
6.22
5.74
5.32
5.6
5
4.7
6.06
5.1
5.38
4.94
3.18
4.24
4.42
3.92
6.24
5.34
6.7
7.72
4.18
5.36
5.98
4.28
5.82
5.66
5.78
5.66
5.36
5.36
4.98
5.1
3.42
5.28
5.18
6.32
5.26
6.18
5.5
4.88
4
3.02
4.5
5
5.26
3.28
5.04
6.92
5.04
5.92
5.1
3.92
6.98
4.86
4.7
5.68
5.72
5.18
5.34
7.18
4.2
7.36
5.48
3.36
5.48
5.54
6.1
5.8
5.88
5.7
4.02
5.56
4.8
5.22
6.38
6.32
5.04
5.72
4.86
4.22
4.22
6.14
5.2
5.62
6.58
6.42
4.94
5.5
4.66
5.64
5.96
5.96
4.9
6.98
7.24
5.38
3.34
5.04
5.54
5.16
5.24
5.04
4.64
5.32
5.92
5.82
6.34
5.1
5.72
4.84
4.46
5.16
7.1
5.22
3.52
4.96
4.96
6.3
5.44
6.64
5.14
3.54
5.82
5.06
3.84
6.22
5.18
6.68
5.68
5.04
5.22
4.84
5.2
5.3
4.44
4.82
6.3
5.08
6.46
5.28
6.44
5.4
5.02
5.86
6.44
5.18
6.08
6.36
5.52
4.54
3.54
3.24
7.14
6.02
5.02
5.94
3.58
4.9
5.28
3.22
5.62
4.74
6.62
5.48
6.32
4.78
5.5
4.92
5.36
6.08
4.98
5.54
6.78
7.42
5.46
6.84
6.02
4.5
5.52
6
5.8
6.52
5.22
5.48
2.54
5.72
5.18
5.46
5.7
4.74
6.48
5.02
5.54
7.08
4.78
5.16
5.32
3.04
4.9
4.86
4.76
4.54
5.54
5.06
4.46
4.08
4.04
6.04
5.02
6.06
4.6
5.1
5.66
6.44
4.9
5.48
5.44
6.44
5.08
6.46
5.04
2.26
6.08
4.5
5.24
4.94
5.3
6.18
5.8
5.68
5.36
5.4
5.2
5.48
4.4
5.02
5.64
5.92
6.76
5.54
5.74
7.14
4.4
2.98
6.38
5.52
5.3
4.94
3.52
3.58
5.46
7.3
5.22
5.88
6.16
5.46
4.96
5.88
6.46
6.9
6.54
5.38
3.34
4.76
5.18
5.3
5.36
5.1
3.48
6.18
5.7
5.4
4.8
4.98
5.42
5.5
5.56
5.16
3.66
5.08
6.14
6.32
6.74
4.74
5.08
5.1
5.88
5.26
6.8
4.42
4.76
5.38
5.32
5.42
5.86
3.5
4.78
5.16
6.96
6.6
5.22
5.74
6
6.56
4.84
5.56
5.02
6.94
5.56
5.26
4.08
5.02
6.6
6.12
6.06
4.44
6.02
2.62
3.9
5.7
6.64
6.72
4.98
4.54
5.2
5.98
5.06
6.1
6.36
5.48
5.42
3.58
4.88
4.74
5.3
5.3
5.92
3.6
5.16
6.36
4.94
4.52
5.74
4.98
5.98
5.68
6.3
5.84
5.44
5.82
5.66
6.24
6.5
7.3
7.04
3.68
6.02
5.26
6.6
4.08
4.8
7.42
4.64
3.64
6.08
5.34
5.1
5.62
6.48
5.36
5.52
7.08
6.32
6.32
4.82
6.56
5.04
6.24
5
2.74
3.4
5.04
3.16
5.26
6.7
6.3
4.38
4.78
5.58
4.88
5.9
5.38
4.74
6.32
4.24
5.76
5.88
7.46
5.32
5.5
3.54
5.94
4.1
6.92
7.14
6.74
6.68
4.54
6.32
6.44
4.82
6.12
4.62
5.4
4.48
6.02
5.16
5.78
2.92
4.78
5.28
4.82
5.3
6.3
4.84
6.48
6.34
5.3
6.62
5.14
5.02
5.02
4.86
6.94
5
5.3
4.96
3.7
5.3
4.56
3.46
5.94
6.56
5
6.22
5.72
5.96
5.1
4.2
3.96
4.14
4.62
6.32
4.2
4.72
5.02
7.24
2.74
6.58
6.58
5.34
7.12
4.52
4.68627450980392
6.74
5.14
5.22
4.7
3
4.18
5.1
3.24
3.7
6.54
7.44
5.36
6.86
6.72
2.66
6.42
3.68
4.48
6.94
4.34
4.72
5.52
5.68
4.32
5.36
4.92
5.06
5.72
5.82
5.34
7.6
6.26
5.46
5.72
5.56
4.3
5.7
4.72
6.68
5.38
5.26
6.54
5.22
5.22
5.28
3.96
5.52
4.98
5.02
5.12
6.36
4.66
4.84
6.28
6.2
3.62
6.32
5.26
4.74
5.42
7.26
5.88
5.48
6
4.58
5.96
6.54
5.66
4.66
4.96
6.14
6.74
5.48
4.98
5.9
5.32
5.16
4.84
5.16
5.6
5.46
7.06
4.38
5.28
7.64
6.24
5.42
5.2
4.78
4.92
5.8
5.34
5.04
4.82
5.54
5.88
6.22
6.54
6.48
6.84
5.98
3.58
5.22
5.84
4.92
5.54
5.48
7.24
5.52
5.08
4.9
5.14
5.44
4.86
6.68
7.26
5.06
5.58
5.22
5.22
5.96
6.12
7.22
5.24
4.5
4.48
4.8
5.82
4.84
5.4
5.54
5.5
5.82
4.76
4.44
4.34
6.84
5.14
5.4
4.66
6.3
5.16
6.48
3.26
5.4
6.98
4.6
5.2
5.48
5.18
7.58
4.74
7.48
5.22
5.98
5.86
4.84
5.02
5.86
4.5
5.34
6.86
6
4.92
5.38
6.64
7.24
6.32
6.34
5.92
6.76
5.7
5.24
5.48
5.28
4.86
2.56
4.92
5.84
5.28
4
4.92
6.22
6.52
3.34
4.76
5.3
4.26
4.96
4.72
5.6
4.44
5.08
5.48
5.2
6.5
4.88
5.2
5.98
6.04
5.02
6.4
4.24
5.3
5.22
4.88
3.74
5.22
6.38
5.26
5.36
4.2
5.6
5.38
5.12
4.86
6.42
5.04
6.28
6.4
5
5.72
5.24
6.02
2.74
5.08
6.88
5.36
7.16
6.86
6.14
4.52
5.58
5.42
5.3
1.76
6.26
4.84
6.66
4.9
6.92
5.04
5.56
2.24
6.1
5.42
5.16
6.18
6.64
5.98
6.04
5.44
5.84
5.08
5.58
6.18
1.76
4.96
5.9
6.46
3.74
5.86
6.06
5.82
5.3
5.02
5.5
5.6
5.18
6.1
5.76
5.64
5.18
6.16
4.6
5.22
5.96
3.34
5.44
5.02
4.86
2.76
5.62
6.04
5.46
6.12
5.14
4.64
5.6
4.72
5.84
5.02
5.2
3.2
5.18
5.22
5.56
6.32
7
4.78
5.24
4.98
6.26
5.72
5.88
5.5
5.98
7.12
4
5.38
4.5
5.98
5.84
5.94
5.02
5.68
3.6
5.42
4.38
4.46
5.06
6.78
5.84
5.5
5.32
6.76
5.08
5.18
4.76
5.28
5.84
5.98
5.8
5.46
6.5
5.84
4.56
5.5
4.6
3.4
6.78
5.18
5.14
6.18
6
6.9
5.6
3.1
5.82
5.54
5.48
6.14
5.8
6.78
5.06
4.78
5.8
6.28
5.38
7.84
6.12
2.58
5.86
5.92
6.18
4.82
5.84
4.38
6
3.54
6.34
5.64
6.16
6.58
4.36
5
5.46
6.58
5.3
5.88
4.88
6.7
5.62
5.42
5.36
5.52
5.86
5.4
6
5.86
5.84
4.92
6.2
5.92
5.58
5.92
5.76
3.72
3.48
6.42
5.08
4.6
5.44
4.22
7.1
5.9
5.46
5.84
3.68
5.28
6.16
5.58
3.7
5.42
5.66
5.86
5.74
4.1
5.32
6.14
5.64
2.78
5.24
5.56
5.9
4.58
4.84
4.7
6.6
5.76
5.6
4.96
5.68
5.08
5.28
5.76
5.62
5.52
5.08
5.7
4.68
5.48
5.68
5.3
5.42
4.28
4.84
4.86
5.58
5.32
5.84
5.5
5.36
4.14
5.34
6.16
5.6
5.02
6.12
6.88
6.16
4.92
4.88
4.6
5.62
5.18
5.96
4.88
5.78
4.84
5.62
3.42
5.64
4.74
7.2
5.64
4.58
5.66
4.14
6.02
6.46
1.94
7.76
4.88
5.36
5.56
3.3
5.92
5.5
7.74
6.86
5.3
5.18
5
5
5.14
6.8
4.92
5.68
6.38
5.62
5.62
5.86
5.76
4.52
5.32
6.42
5.54
6.28
6.66
5.42
5.94
3.32
4.76
5.06
5.36
5.08
6.08
5.94
5.58
5.28
4.78
6.54
3.7
6.36
5.28
5.28
6.26
5
6.1
5.14
5.32
6.18
6.08
5.54
5.68
5.26
5.32
6.1
4.7
7.42
4.76
5.62
5.72
5.38
5.32
6.72
5.52
6.26
5.5
5.1
5.28
5.88
4.94
5.86
5.52
7.64
5.82
5.36
4.98
5.3
4.26
6.2
2.06
5.68
6.2
5.7
5.9
7.66
5.82
6.6
3.34
5.68
4.48
5.38
2.14
5.16
5.04
6.08
4.04
5.54
6.78
4.82
5
5.04
6.06
6.92
7.34
7
5.8
4.46
4.76
6
6.8
5.46
6.38
5.18
5.68
5.42
4.9
4.96
5.34
5.22
5.88
6.38
4.32
5.12
7.44
4.7
6.26
5.98
5.52
6.1
5.46
5.18
5.44
4.64
5.66
6.36
4.7
3.26
5.3
5.52
4.96
7.32
5.18
5.4
6.6
6.22
6.18
5.92
3.98
4.36
6
6.12
6.06
6.18
5.3
6.78
3.56
5.42
5.34
1.94
5.26
5.18
5.22
6.22
6
5.44
4.76
6.4
5.22
5.86
5.46
5.02
6.12
5.46
5.26
5.32
5.76
1.82
4.84
5.4
6.54
5.58
6.78
5.88
5.46
6.1
7.72
5.74
7.16
4.84
4.9
7.56
4.42
6.4
4.94
6.94
6.52
5.38
5.5
6.06
6.36
5.76
5.64
5.22
5.26
6.78
5.52
3.78
2.76
5.94
6.3
7.44
7.12
5.52
5.18
6.94
4.68
6.02
5.6
5.6
5.92
5.74
7.84
5.22
3.5
5.58
5.32
5.72
5.54
6.14
5.96
4.96
5.42
4.92
4.8
5.16
6.56
5.82
4.22
5.48
3.02
5.38
5.68
4.3
5.52
6.22
3.78
5.44
5.14
5.02
6.46
5.64
6.34
2.42
5.38
5.86
5.72
4.66
6.1
6.2
7.38
5.74
6.64
7.38
5.78
5.08
6.38
5.84
3.16
5.02
5.56
7.72
5.2
4.94
7.02
5.8
4.92
5.22
6.34
5.2
5.72
7.16
5.34
5.34
6.08
4.8
5.18
5.7
5.74
5.4
4.96
5.12
5.3
4.9
5.52
2.66
4.96
4.68
3.72
3.54
6.44
3.08
4.76
5
5.22
4.26
6.14
4.8
4.54
4.98
4.56
6.14
5.7
5
5.04
5.18
6.36
6.28
4.8
4.8
5.62
4.98
6.26
7.72
4.94
4.8
5.72
6.82
5.8
4.36
5.26
5.62
5.36
5.24
5.74
5.42
2.84
5.88
5.8
6.8
6.36
4.84
5.06
5.58
5.62
5.12
6.82
5.52
5.94
5.26
5.06
7
5.72
5.12
3.74
3.28
1.62
5.9
5.92
4.94
3.9
5.5
6.2
6.36
4.96
7.44
6.66
4.72
6.26
6.22
5.58
5.88
6.36
5.48
5.66
3.94
5.42
5.24
5.54
6.28
7.32
6.08
6.2156862745098
5.66
5.76
5.46
6.08
6.02
5.98
5.44
4.8
7.06
6.4
3.86
6.14
4.86
4.5
5.54
5.38
6.02
4.64
4.94
5.5
6
6
5.34
6.48
5.46
5.88
5.54
3.12
4.54
5.42
4.82
5.7
5.68
5.7
5.18
5.36
5.88
5.74
6.14
5.42
5.84
4.54
4.84
6.76
5.82
5.6
6.2
3.1
5.24
6.48
5.26
5.48
5.96
5.82
5.84
5.12
5.24
5.3
5.88
4.2
5.04
5.22
4.72
5.6
5.08
5.58
5.48
4.16
4.86
5.04
3.98
5.16
5.92
6.62
7.3
5.86
5.14
4.96
4.82
4.96
6.54
5.76
5.16
5.08
3.5
5.54
5.5
4.88
5.64
3.92
6.14
5.16
5.12
4.72
8
5.52
7.48
5.3
5.46
5.26
5.96
5.92
4.28
5.06
5.7
4.76
4.6
4.68
6.06
5.68
6.02
3.9
5.46
6.16
6.12
5.52
4.78
5.56
5.48
5.2
5.62
5.66
4.8
5.4
4.88
4.84
5.56
5.52
2.98
5.14
5.02
5.12
4.7
5.12
1.38
5.02
4.88
7.64
5.24
6.64
3.02
4.9
5.12
6.22
6.24
5.62
5.62
7.14
5.6
5.5
5.28
5.64
6.5
5.94
5.38
6.46
6.38
4.76
4.58
5.36
5.46
6.32
5
3.82
4.62
6.56
5.02
3.22
4.5
5.68
3.8
5.94
5.26
5.7
5.04
4.64
4.9
6.16
5.72
4.86
5.68
7.2
4.68
4.76
6.28
5.94
3.78
5.42
5.42
7.54
5.98
7.34
5.24
5.44
5.72
2.86
5.76
5.08
4.96
5.94
6.18
4.04
4.64
5.66
5.96
4.46
5.08
4.32
4.52
5.08
5.72
4.36
5.76
5.16
5.72
5.1
4.48
5.08
5.34
4.7
6.08
5.4
5.4
6.72
6.7
3.66
4.82
5.58
6.2
6.5
6.34
5.44
4.14
5.58
5.12
6.68
3.2
4.72
6.48
6.44
5.82
6.64
4.94
5.38
5.72
5.1
5
4.94
5
5.3
5.76
6.28
6.86
3.52
3.32
5.46
5.42
5.3
5.34
2.84
3.74
5.56
5.34
4.92
5.92
5.34
5.52
5.6
5.18
5.02
4.96
6.34
5.38
3.54
5.68
4.74
4.58
4.4
6.34
5.48
6.18
5.76
5.26
4.6
5.38
6.4
6.44
5.76
5.16
5.24
5.12
5.78
5.26
5.52
5.3
5.9
6.02
5.22
5.92
2.84
7.08
5.98
4.76
5.24
5.9
5.38
4.68
6.04
4.92
5.46
4.66
4.76
5.44
5.7
5.94
5.82
5.6
6.12
3.92
4.48
5.48
7.04
4.92
6.02
5.42
5.24
4.92
5.66
5.38
5.54
4.42
6.02
6.72
3.58
3.74
5.42
5.74
5.38
4.92
5.38
5.78
4.08
5.3
5.08
6.22
6.76
5.64
4.84
5.74
4.98
5.38
5.1
3.94
6.8
6.88
6.02
4.48
5.86
5.84
5.46
3.78
5.48
2.74
6.32
5.34
6.06
5
7.5
4.8
5.44
5.3
6.2
7.2
5.14
5.46
4.56
7.52
6.08
5.78
5.26
6.04
4.82
6.2
3.36
6.14
5.2
6.26
5.48
5.3
4.78
5.42
4.9
5.42
3.38
5.58
5.38
3.5
5.42
4.96
5.8
6.72
6.36
5.34
3.92
4.72
5.2
4.74
6
5.8
4.76
4.9
5.8
6.52
3.68
3.74
7.28
5.92
5.62
5.48
3.4
5.42
6.14
4.9
3.04
5.68
5.78
4.36
5.58
4.4
5.02
5.66
5.88
5.26
7.64
5.3
5.76
4.42
5.82
4.76
4.86
5.48
4.32
5.7
5.26
7.42
4.78
5.88
5.28
6.06
5.72
6.78
5.3
5.86
4.78
6.12
6.1
5.32
4.92
4.88
5.2
5.02
6.06
6
5.82
4.9
5.18
5.56
5.62
4.82
5.14
6.16
5.54
5.52
5.2
8.06
6.82
5.4
4.98
5.72
5.14
5.76
5.14
4.74
5.2
6.78
6.06
4.8
6.58
5.26
5.3
5.28
4.42
4.36
7.5
5.58
4.98
4.46
2.94
5.02
5.6
4.72
6.1
5.52
5.92
5.34
5.94
5.5
5.64
5.52
5.78
5.6
5.24
5.02
5.98
6.04
4.24
5.18
5.84
5.12
5.1
5.78
5.3
5.16
5.98
3.94
5.16
6.92
4.94
5.26
5.12
4.94
6.94
4.1
7.52
5.08
6.28
5.22
4.18
5.02
6.06
5.34
5.98
5.18
4.54
5.1
4.94
4
6.52
4.54
4.38
5.82
4.58
4.66
3.16
5.4
4.94
6.04
5
5.16
5.9
5.62
5.32
5.56
4.84
5.7
5.3
5.94
5.84
5.2
4.74
4.86
5.52
5.4
5.74
5.14
5.38
5.66
5.52
5.24
6.22
5.22
4.74
5.42
5.02
4.8
4.9
6
4.82
6.14
3.44
6.78
5.14
6.3
4.78
6.46
4.98
5.16
5.82
5.5
6.32
4.98
4.44
4.8
6.54
5.68
4.88
6.8
6.62
5.72
5.56
6.3
5.82
5.54
5.76
5.12
3.46
4.98
4.64
4.78
6.36
6.5
4.7
5.4
5.3
5.24
4.72
5.32
5.62
5.46
3.08
6.02
5.06
5.18
7.82
5.2
6.02
6.66
5.9
6.28
5.44
5.5
5.14
3.5
5.36
5.54
4.12
7.34
6.52
4.84
5.52
4.8
6.72
4.44
6.28
5.48
5.58
5.42
5.3
5.14
6.34
6.3
5.36
5.84
6.18
5.6
6.2
4.22
5.2
5.66
5.18
6.12
5.66
6.32
5.2
6.1
7.02
4.62
6.16
7.18
6.04
5.28
6.3
1.44
5.72
5.14
5.34
4.6
5.18
4.54
4.86
5.86
5.7
5.14
5.62
5.26
6.74
6.66
3.3
5.36
3.58
6.28
5.96
7.46
7.84
6.24
4.94
5.76
5.7
5.48
5.14
5.84
5.66
5.12
7.14
5.36
5.54
4.8
7.66
4.24
5.42
5.66
4.96
5.4
6.42
6.18
5.38
5.08
1.88
4.92
5.32
6.14
4.74
4.42
5.7
3.1
5.92
5.66
5.38
5.76
4.74
7.2
5.48
5.32
5.36
6.26
5.64
4.66
6.5
6.6
5.48
2.86
8.06
6.16
5.32
3.28
6.24
5.14
6
4.8
5.44
5.66
5.5
5.32
2.88
6.22
5.32
5.56
3.58
5.06
4.84
5.72
6.86
5.82
5.6
5.86
6.6
5
6.02
4.7
5.16
5.06
6.46
5.92
4.12
5.26
5.94
6.98
5.72
5.44
7.44
5.36
4.18
4.74
5.56
5.88
3.66
6.22
6.12
4.56
4.66
4.96
5.6
5.06
5.92
7.64
5.46
6.18
4.9
5.58
7.06
4.96
6.72
7.08
5.74
6.68
4.46
6.68
5.18
5.7
5.58
4.32
5.44
5.34
5.76
4.84
6.66
5.7
4.56
6.46
2.68
5.94
4.9
5.78
3.7
5.62
6.06
6.72
6.04
5.12
5.82
7.74
4.98
5.88
5.14
6.42
6.76
5.1
5.08
5.42
6.08
5.66
4.5
3.94
4.7
6.34
4.9
6.64
5.98
5.46
4.74
5.84
5.24
6.64
6.98
5.62
5.68
5.42
4.48
5.26
5.28
4.82
5.8
5.8
5.74
5.8
5.12
6.14
5
7.26
5.8
4.86
5.64
5.76
5.08
6.06
5.82
5.8
5.38
7.68
7.42
6.88
5.28
4.8
5.6
7.7
6.52
5.64
5.56
6.84
5.16
5.94
5.12
2.62
6.24
5.06
5.64
6.32
6.84
4.62
6.04
6.34
4.88
5.74
5.32
5.32
4.74
6.72
6.92
6.68
6.12
6.98
5.12
5.46
6.2
4.08
3.14
7.24
5.7
4.62
2.28
4.9
5.28
6.1
4.8
7.46
3.72
5.1
4.78
5.1
5.96
6.54
4.5
4.1
5.5
5.56
6.08
6.48
5.5
5.78
3.74
5.24
6.12
5.52
4.76
5.94
5
3
5.88
5.2
5.66
6.48
5.74
5.82
4.76
5.12
5.4
5.46
6.28
3.58
6.04
5.14
3.5
4.72
5.88
4.52
7.28
5.6
4.96
6.32
5.92
3.42
5.6
5.98
5.38
6.7
6.28
4.76
5.26
4.88
3.98
6.4
3.86
4.82
5.46
4.8
5.58
6.14
5.22
4
7.46
5.74
4.94
5
4.94
4.46
5.72
5.02
5.66
5.3
5.54
6.24
5.8
6.38
6.2
5.72
6.98
5.48
3.7
4.46
5.26
5.82
4.96
5.56
4.58
5
5.32
5.64
5.1
6.86
4.48
5.36
5.26
6.44
4.8
4.94
5.16
5.52
5.84
3.24
5.74
6.3
6.64
5.42
5.02
5.18
5.58
5.12
5.98
5.08
6.88
6.48
5.16
7.56
5.38
3.54
5.66
5.98
5.52
5.1
6.28
7
5.7
5.38
6.38
5.36
6.04
5.3
5.18
5.72
5.16
5.24
5.06
5.12
5.66
5.16
5.1
5.56
5.74
5.86
6.94
6.18
5.66
5.04
4.94
5.4
4.94
5.46
5.14
5.76
6
6.52
5.52
4
6.5
5.38
3.76
5.54
6.32
4.24
5.18
5
4.82
6.76
6.42
7.36
5.3
5.64
6.88
5.6
4.54
4.94
3.92
4.86
5.3
6.18
5.4
5.84
5.2
4.7
5.12
5.04
4.82
5.38
6
5.98
5.12
4.72
5.7
6
5.38
4.7
6.6
6
5.6
5.18
4.66
5.24
5.78
4.28
6.12
3.22
5.36
4.02
4.64
5.82
5.74
5.54
3.98
6.2
6.7
5.34
6.38
5
3.96
4.86
6.12
5.52
4.54
5.36
6.1
4.4
5.6
5.48
4.76
6.04
5.9
6.62
4.66
5.72
4.94
5.5
6.52
6.08
5.48
5.22
5.52
6.34
5.4
6.82
5.62
6
5.06
4.94
4.2
3.5
5.06
5.92
4.64
5.52
6.26
4.76
4.98
5.62
4.4
5.16
6.26
4.94
5.4
6.04
6.5
2.74
5.1
4.14
4.88
6.64
5.52
5.46
6.06
5.5
7.86
5.18
6.98
5.64
5.16
6.46
3.82
4.2
7.08
5.46
4.84
6.68
5.36
5.08
5.94
4.84
5.96
5.48
5.42
5.3
6.44
5.04
6.12
5.1
5.46
5.16
5.62
5.52
2.5
4.96
4.72
5.66
5.34
7
6.7
4.62
6
4.12
5.36
5.72
5.86
5.02
5.76
5.9
5.38
5.6
5.72
5.82
5.76
6.04
5.52
6.02
5.26
5.3
5.22
5.76
6.4
4.8
5.04
5.84
5.64
5.66
3.28
6.06
7
5.24
5.16
5.4
6.22
5.78
5.42
5.7
5.14
5.64
5.4
5.78
5.08
6.58
4.08
3.64
5.44
4.7
6.48
6.9
5.74
6.54
5.8
5.66
7.4
5.9
3.14
7.7
5.84
5.54
5.32
5
6.8
4.96
5.7
6.6
2.48
5.14
6.96
5.68
5.06
5.38
5.3
4.98
6.5
5.96
5.8
5.38
5.74
5.14
5.24
5.16
5.28
5.98
7.46
5.56
5.06
5.68
5.74
5.38
5.18
5.52
5.4
5.46
5.02
5.76
4.86
6.02
6.98
5.82
7.36
5.8
4.98
5.76
5.14
5.04
5.6
5.5
3.94
7.88
5.16
5
4.44
6.58
6.18
6.48
5.64
5.8
5.2
6.06
5.5
5.5
5.94
6.24
5.36
5.1
5.46
4.8
4.7
2.94
5.4
7.54
2.86
5.8
5.14
6.86
5.24
5.36
5.86
6.38
7.6
5.3
5.74
5.42
5.92
5.28
5.22
6.36
6.16
6.76
5.52
2.88
6.4
5
5.2
5.62
5.52
5.96
6.2
5.46
6.38
5.48
6.16
5.42
5.84
3.14
6.14
5.32
5.48
6.12
7.58
5.42
5.24
6.02
7.42
5.22
5.98
6.08
4.48
5.58
5.24
5.96
5.82
5.4
5.38
5.86
6.14
4.34
5.36
6.82
6.84
8.34
5.34
5.38
4.9
4.92
5.84
7
5.48
6
6.24
5.16
5.14
6.12
5.52
5.3
6.42
5.46
6.92
5.54
5.96
4.72
5.04
4.48
6.02
5.02
5.92
5.74
4.42
4.86
5.16
5.6
6.04
7.34
6.18
6.5
5.9
5.52
5.6
5.7
5.3
7.22
6.44
5.98
5.08
6.54
5.86
5.68
5.62
5.58
5.66
5.28
5.3
4.76
6.26
4.06
5.36
5.28
5.02
6.44
5.64
5.1
5.16
6.4
5.62
3.5
7.38
4.68
3.52
5.86
6.1
5.44
5.04
5.4
6.24
4.18
5.22
6.54
6.32
3.4
4.86
4.62
5.48
5.3
5.3
5
4.94
7.18
5.7
6.68
5.08
5.46
5.94
4.34
5.32
7.08
5.3
6.26
5.9
3.76
6.38
7.08
5.08
5.04
6.02
4.96
5.44
6.18
5.24
3.3
4.72
4.96
5.28
5.26
5.34
6.94
5.36
4.92
6.26
4.76
5.4
6.3
5.26
6.22
3.32
5.08
5.64
4.66
3.08
6.02
6.1
6.08
5.1
4.18
5.02
5.42
5.56
5.62
5.28
5.22
5.48
2.22
6.46
8.04
4.96
6.04
6.62
4
5.08
7.18
6.04
3.46
2.88
4.38
5.86
6.74
5.46
5.58
4.8
5.92
5.88
6.78
3.64
4.3
6.04
4.44
6.16
6.4
6.64
5.82
6.12
5.22
6.1
5.44
5.56
4.84
4.86
5.38
5.4
5.28
4.9
5.4
4.86
4.7
5.84
4.36
5.18
5.82
4.4
6.12
5.2
5.36
5.82
5.68
5.14
5.96
2.04
5.82
6.42
5.1
5.74
6.46
6.08
4.96
5.38
5.36
6.18
5.4
5.32
5.3
5.68
5.1
5.24
7.04
5.96
5.82
5.26
7.22
4.78
5.14
6.36
3.52
7.74
5.08
5.3
5.52
6.76
5.32
5.64
4.38
7.62
3.4
5.5
5.52
5.16
6.74
4.98
4.74
4.46
4.26
5.68
5.36
7.38
5.68
3.72
4.24
6.1
6.58
5.02
5.54
6.34
4.5
6.32
5.24
4.58
5.32
5.08
5.02
4.8
5.1
5.08
5.52
5.44
5.34
3.4
5.8
5.2
5.72
5.9
4.88
4.72
5.54
5.36
5.24
5.9
4.54
5.24
6.22
5.08
4.58
6.34
5.26
6.38
4.54
5.86
5.32
7.72
6.02
4.82
5.28
3.66
5.4
4.42
5.22
5.78
6.06
5.86
5.54
5.3
4.54
5.64
5.74
6.94
4.88
5.7
5.4
6.6
7.06
5.7
4.88
4.28
4.92
5.96
4.06
5.86
6.9
5.14
7.46
4.84
5.58
6.08
4.58
5.36
5.82
5.36
5.72
4.24
5.5
5.3
5.28
3.78
4.92
5.2
7.08
4.36
5.64
5.08
6.4
5.7
5.96
5.1
6.26
5.88
6.88
4.48
5
5.28
5.1
5.46
7.38
4.8
5.72
5.1
4.9
5.3
5.82
6.38
5.36
5.44
5.18
4.78
6.2
6.14
5.62
5.2
5.32
5.46
5.6
5.04
4.84
5.32
5.04
5.68
6.12
5.4
5.32
6.02
5.64
6.12
2.62
5
5.04
4.96
4.2
7.24
4.86
4.64
5.92
2.34
4.84
6.1
5.72
5.14
5.12
4.98
4.96
5.88
3.42
4.1
5.3
3.92
6.28
3.62
5.98
6.16
5.58
6.16
7
4.56
3.58
5.52
5.6
7.92
5.28
5.32
6.14
6.18
5.54
5.52
5.66
5.76
5.52
6.22
6.8
4.94
5.88
5.1
5.22
6.12
5.92
4.84
3.62
5.44
5.08
6.4
4.92
5.82
4.58
1.92
5.5
4.94
5.88
5.72
5.16
6.58
4.84
5.7
5.28
4.64
5.64
5.1
5.02
5.08
6.56
6.26
5.76
4.72
5.58
7.34
5.1
6.42
5.5
5.44
6.78
5.94
5.08
4.8
6.22
6.62
6.04
5.74
4.58
5.18
6.6
5.82
3.44
5.94
6.38
6.62
5.16
6.46
4.42
5.3
5.82
5.36
4.28
5
4.88
5.7
5.32
6.32
2.28
5.5
5.44
5.36
5.12
5.36
5.66
5
5.08
5.42
8.12
5.38
5.76
7.1
5.7
5.26
5.38
5.32
5.5
5.28
6
5.3
5.56
7.76
4.9
5.72
1.94
5.22
6.78
2.46
4.2
6.5
4.9
6.6
6.04
4.9
6.26
5.66
4.24
3.54
6.32
6.7
5.4
5.58
6.62
4.52
5.56
5.38
5
5.7
5.4
5.58
4.8
6.84
3.06
5.62
5.28
6.46
6.18
5.04
6.14
6.4
4.92
5.02
4.98
5.68
5.56
4.6
5.96
6
5.6
4.18
4.18
5.54
7.26
5.64
6.04
6.34
5.08
6.82
5.52
5.66
5.16
5.84
5.1
5.02
6.28
4.84
6.52
4.88
5.32
5.72
5.44
5.46
3.6
5.72
5.58
4.62
6.92
5.42
4.96
5.18
5.2
5.84
5.14
7.38
4.66
4.86
5.86
4.78
5.6
5.56
6.38
5.5
5.06
4.94
3.34
4.88
5.64
2.04
2.04
6.66
4.64
5.38
4.66
5.6
6.52
4.04
4.62
6.02
5.42
6.52
5.62
5.66
6.22
6
7.16
5.84
5.58
5.06
4.84
5.84
5.32
5.82
5.02
5.42
5.96
4.62
4.94
7.22
5.84
4.56
5.2
5.76
5.6
3.66
5.36
3.28
5.1
5.22
4.8
5.7
6.68
5.88
6.98
4.6
7.34
5.2
5.24
5
4.86
6.22
5.74
5.68
5.26
5.52
6.28
3.42
5.64
5.34
5.28
7.06
5.3
7.24
7.96
6.38
4
5.04
4.92
6.3
5.5
5.38
4.8
4.96
5.12
5.2
5.14
5.66
5.3
5.4
6.4
4.42
6.04
4.08
2.46
5.12
5.84
5.2
6.08
5.46
6.12
5.72
6.62
6.02
5.56
5.92
5.68
4.56
5.18
5.72
5.2
5.72
6.82
5.42
7.06
5.34
5.86
3.46
5.72
5.22
5.38
5.34
4
6.36
5.4
6.22
3.78
4.74
4.06
4.78
6.22
7.24
5.9
5.16
5.38
2.74
5.92
2.58
4.88
6.7
7.86
5.14
4.76
7.26
5.94
5.68
6.02
5.02
7.16
5.38
5.08
4.62
6.14
5.42
5.24
4.12
6.06
5.02
6
5.2
5.36
3.96
4.58
6.88
5.06
5.16
5.48
6.58
4.78
5.2
3.04
5.96
5.02
5.72
4.48
5.66
6.12
5.58
7.06
5.16
4.96
4.72
7.38
5.18
6.7
5.1
4.96
6.04
2.96
5.72
4.26
5.6
5.72
5.78
6.68
4.9
7.1
7.28
4.88
5.12
6.74
5.26
5.66
5.38
6.32
5.14
4.76
4.7
5.44
4.96
6.28
6.66
5.04
5.84
4.6
4.96
5.32
5.64
5.4
6.5
5.54
6.04
5.18
5.86
5.84
5.38
6.84
5.4
5.54
5.5
4.86
5.78
5.16
6.2
5
7.84
4.9
5.82
5.96
5.42
5.48
5.82
6.94
4.8
3.82
5.58
5.7
5.46
5.3
6.12
5.46
5.54
5.6
5.6
5.64
4.1
6.46
6.68
5.9
3.12
4.34
4.86
5
4.58
4.48
6.18
4.84
5.28
6.68
4.68
6.76
5.58
5.58
5.6
5.46
5.08
2.96
2.78
5.48
4.98
4.96
5.02
5.16
4.74
5.28
6.82
5.66
7.56
5.48
7.12
5.12
6.08
4.14
5.3
4.66
5.48
5.28
5.86
5.6
5.66
5
4.74
5.04
5.88
6.12
6.16
5.22
5.44
5.78
5
5.36
5.38
5.06
5.3
5.12
5.38
5.54
7.3
3.58
6.68
5.38
5.38
5.74
5.14
5.28
6.22
5.64
3.78
5.8
6.58
6.64
7.1
3.46
5
4.94
3.38
5.94
5.42
5.88
5.88
6.74
4.1
4.92
5.6
4.22
7.32
5.98
5.02
6.86
5.26
5.12
7.54
5.82
3.92
5.46
5.98
6.32
4.98
5.5
5.48
4.72
5.44
5.26
4.9
5.06
2.58
6.24
4
4.78
6.16
5.22
5.22
2.5
7.04
4.62
5.34
5.48
5.74
5.42
5
5.52
4.94
5
2.12
5.32
4.52
5.58
4.94
6.18
5.52
4.78
6.58
5.06
4.6
5.64
3.96
4.72
4.96
5.26
5.2
5.26
5.48
5.22
3.06
5.44
6.52
4.64
6.48
2.64
6.88
5.5
5.14
6.06
3.5
4.46
6.42
5.22
5.2
5.22
4.7
5.52
5.44
6.44
5.5
5.54
5.68
4.96
5.9
4.9
5.22
6.06
6.78
6.18
5.82
6.84
4.8
5.54
6.44
6.54
5.9
3.48
5.62
4.88
3.86
6.88
5.32
7.56
4.4
4.7
4.78
5.46
7.94
5.44
5.42
6.64
5.02
5.34
5.34
6.08
5.48
5.52
5.52
5.06
5.34
5.54
5.94
5.5
5.68
6.8
6.32
5.4
5.42
4.94
5.5
6.08
5
5.38
5.04
5.86
6.84
6.42
5.5
2.86
6.04
5.6
6
4.72
5.34
6.28
5.74
5.94
3.76
4.78
6.06
5.96
6.22
5.54
6.5
5.38
5.98
5.62
5.42
6.1
5.86
6
6.22
5.5
3.28
4.84
6.98
5
5.48
5.74
5.82
6.3
5.2
4.2
6.54
4.86
4.76
6.16
4.52
4.6
5.2
4.82
5.58
2.82
6.88
5.6
5.3
5.2
6
5.44
6.48
4.2
5.28
5.72
5.7
5.4
5.28
5.16
5.54
5.84
7.14
2.54
5.3
4.74
7.3
6.18
5
4.96
4.74
6.2
4.36
5.68
6.32
5.54
6.36
3.5
3.26
5.22
2.88
5.82
5.76
4.88
7.54
5
7.78
5.46
5.86
5.3
3.3
5.98
5.76
6.06
4.68
6.02
5.68
5.54
5.5
6.86
5.86
4.58
5.84
5.46
7.28
5.2
5.4
3.9
5.06
7.16
6.2
5.22
6.52
5.14
2.66
6.64
4.14
5.6
5.62
6.38
5.06
5.02
4.74
5.62
5.36
5.66
4.34
5.66
6.28
4.82
2.46
3.38
5.4
4.82
5.9
3.34
4.76
5.7
6.56862745098039
4.76
5.34
4.86
4.98
4.32
5.48
6.74
4.82
6.88
4.86
6.92
5.8
5.32
5.28
3.88
6.06
5.68
5.56
5.9
5.98
5.42
5.36
5.04
4.9
5.54
4.32
6.06
4.96
5.06
4.76
3.22
6.26
5.34
5.38
6.64
6.14
6.18
6.02
7.1
5.1
5.22
5.38
6.2
5.46
4.08
5.28
7
5.42
5.5
4.72
4.74
4.16
4.04
6.36
6.48
4.98
5.12
5.62
5.48
6.36
6.12
5.82
5.26
5.36
5.22
6.38
5.16
5.4
3.22
5.98
6.24
5.34
5.56
5.78
8.04
4.34
4.72
4.96
5.48
5.92
5.04
5.5
4.08
5.66
5.34
5.34
4.34
5.14
4.96
6.3
5.7
5.4
4.64
5.06
5.4
5.04
6.52
5.36
5.22
2.7
5.24
5.52
5.24
2.98
6.18
5.08
6.12
5.64
5.5
6.4
5.26
5.7
3.28
6.66
5.32
5.58
5.48
5.32
5.52
5.08
7.5
7.26
4.62
4.32
4.84
4.1
5.94
4.4
4.36
6.8
5.94
5.62
6.44
5.28
5.36
4.44
4.92
6.24
5.7
5.08
5.68
5.72
5.44
3.44
5.02
4.1
5.18
6.24
5.16
5.94
5.64
6.08
5.3
5.48
4.18
4.98
6.06
4.9
5.28
5.08
4.92
5.52
6.04
7.04
5.3
5.04
4.8
5.58
5.18
7.32
5.42
4.92
4.74
5.7
5.1
5.24
4.92
5.36
5.12
5.74
5.84
4.66
5.66
5.72
5.1
5.26
5.98
7.62
7.16
7.74
6.02
4.14
4.62
5.32
6.88
4.54
5.44
5.24
3.5
5.12
5.78
5.72
6.32
6.72
5.84
4.44
5.14
6.94
5.12
4.98
6.08
5.08
3.04
5.64
5.94
5.8
4.86
6.88
5.48
5.14
6.2
5.06
6.3
5.34
5.16
5.04
4.68
2.7
6.28
5.92
5.72
4.68
5.64
6.76
3.12
7.34
3.6
4.76
6.02
5.28
5.46
5.3
5.64
5.88
6.06
5.22
4.82
5.94
4.78
6.48
5.28
4.72
5.16
5.38
6.3
7.72
3.64
5.86
3.3
5.9
5.78
5.88
6.08
5.02
5.3
7.1
5.84
5.64
3.92
5.78
5.74
5.86
4.8
6.16
6.86
5.9
5.54
5.02
6.04
5.14
4.78
6.28
5.44
6.8
5.46
5.3
5.68
3.04
5.74
7.48
5.1
5.82
4.86
5.14
5.68
5.88
5.24
6.24
5.98
4.74
6.3
6.96
5.62
5.1
6.12
5.64
4.88
6.3
6.24
7.32
5.66
5.46
4.84
5.92
5.74
5.92
5.16
6.18
5.02
5.48
5.24
5.18
5.36
5.08
5.86
6.7
5.08
5.16
4.84
5.12
6.36
5.7
2.66
4.78
5.66
5.4
5.4
5.3
6.62
3.98
6.9
4.76
5.02
5.1
4.46
7.36
5.38
4.76
7.18
4.28
3.82
6.44
7.1
5.68
5.1
6.52
5.58
5
5.66
5.34
6.02
4.54
4.74
4.72
5.2
6.1
5.5
6.18
6.3
6.38
5.12
6.12
5.6
5.48
4.6
5.3
5.52
4.9
4.16
5.52
4.42
5.8
5.3
2.64
5.3
6.26
5.28
5.7
5.72
5.34
5.14
6.08
5.84
4.8
3.5
6.18
7.4
5.34
3.12
2.68
4.76
5.58
2.96
5.84
6.12
3.92
6.32
4.74
5.4
5.18
5.36
5.5
6.4
6.22
5.9
5.34
4.7
6.32
4.72
5.68
4.62
5.08
5.52
5.36
6.56
4.94
4.84
5.18
5.22
3.98
5.48
5.4
1.98
4.68
5.06
5.66
5.6
5.96
5.32
3.12
5.54
5.06
6.76
3.22
5.42
4.98
4.12
5.74
4.98
5.84
6.24
5.64
6.92
5.72
6.34
4.38
6.72
4.58
5.1
2.52
5.5
5.4
7.28
6.06
6.08
5
5.6
5.06
5.7
6.74
6.72
3.34
7.16
6.74
5.48
5.34
6.42
6.6
5.16
5.38
4.64
4.58
5.84
7.1
5.1
6.54
5.72
5.48
5.76
5.68
5.92
6.04
4.8
5.36
6.28
4.58
5.02
7.12
5.62
5.38
5.64
5.62
5.76
5.2
5.26
5.14
5
5.64
5.52
5.04
5.3
5.02
5.32
4.84
5.66
4.86
4.56
5.88
6.56
5.68
4.78
5.72
3.2
4.68
5.36
5.2
5.08
5.18
5.38
6.78
5.62
3.82
5.88
4.98
5.82
4.66
6.04
6.42
6.76
4.8
5.86
6
5.04
5.32
5.8
5.74
5.34
6.06
5.1
4.2
6.76
5.52
6.1
6.2
3.4
5.12
5.62
4.84
5.16
5.68
6.44
6.04
5.98
5.2
5.54
5.7
5.46
4.84
5.1
4.34
3.12
7.26
5.02
5.3
5.04
5.36
2.52
4.94
5.66
7.64
7.68
2.78
5.32
4.88
6.52
5.62
5.48
5.04
4.52
5.72
5.24
5.46
6.16
6.5
5.76
5.5
6.2
5.6
5.76
4.98
4.82
5.34
5.6
5.64
5.48
5.46
6
4.98
6.12
5.4
5.6
5.58
6.14
2.5
4.96
6.58
4.92
3.62
5.06
7.32
5.04
5.66
5.08
5.02
4.82
5.76
6.02
5.14
6.1
5.6
5.46
6.8
6.44
5.34
5.08
5.86
5.18
5.72
6.62
5.96
5.28
4.86
5.48
5.36
5.1
4.1
6.84
4.42
5.16
7.8
5.9
3.8
6.44
5.8
3.14
4.28
5.46
5.98
4.98
5.2
5.1
4.94
5.12
2.94
5.86
6.24
5.84
3.48
5.48
3.2
5.38
5.14
4.62
4.84
5.72
6.02
4.04
7.42
6.48
5.6
5.4
6.36
5.9
5.66
6
5.52
4.44
4.92
4.5
5.34
5.76
6.38
5.78
4.56
5.9
4.54
5.58
3.04
4.14
1.76
5.52
6.22
5.1
5.56
5.26
5.6
5.9
5.26
4.68
5.02
5.6
5.66
5.66
5.16
4.86
5.46
4.88
6.22
2.24
3.84
5.7
5.22
5.5
4.98
5.28
4.38
5.58
6.26
2.06
5.38
5.98
4.08
4.46
5.08
5.54
5.84
5.78
4.72
6.48
5.22
2.1
5.48
5.6
5.96
7.16
6.54
5.92
5.8
5.58
4.7
5.2
7.24
6.54
7.18
2.22
5.72
4.92
6.1
5.64
3.72
4.4
5.22
8.38
4.5
5.02
5.6
6.56
5.62
5.6
5.52
4.82
5.74
4.6
4.66
5.04
5.28
6.2
4.88
6.04
4.92
5.2
5.46
5.78
6.04
5.5
6.2
5.1
6.84
4.96
6.1
5.84
5.38
5.5
6.38
4.94
4.48
6.42
5.12
4.58
5.4
6.76
5.08
4.68
6.08
5.88
4.96
7.36
5.96
4.34
5.68
6.42
4.7
5.94
5.86
5.6
5.02
5.78
2.14
2.92
5.92
6.62
6.06
6.12
4.34
5.5
5.34
5.9
5.68
4.46
4.96
5.06
6.72
4.24
5.62
5.92
7.16
5.32
5.28
4.7
5.14
6
3.28
5.1
6.38
5.52
6.2
5.4
6.64
4.84
5.38
5.8
5.64
7.14
7.6
5.42
5.38
6.46
5.22
5.88
5.12
5.22
3.54
5.02
5.4
5.8
3.72
5.36
6.04
5.42
4.96
5.14
5.8
5.42
2.26
6.44
6.8
6.26
6.22
4.68
5.82
6.8
4.76
6.12
4.84
6.92
4.96
5.76
5.48
5.24
5.62
4.88
6.56
6.34
5.3
6.12
6.74
4.14
5.26
4.82
5.08
5.38
5.22
5.22
5.06
5.64
5.8
5.86
5.72
2.5
4.7
5.74
5.88
6.74
5.6
4.58
5.66
5.62
4.84
5.04
5.98
5.52
4.04
4.88
6.26
5.42
6.18
5.48
6.4
5.88
4.28
6.6
5.74
5.32
5.24
5.28
5.24
6.28
6.8
7.34
5.08
3.26
6.94
5.22
5.28
4.28
4.74
4.96
6.42
4.98
5.18
5.02
5.34
6.1
5.2
5.16
5.38
5.4
6.06
6.06
6.62
4.02
6.46
6.8
6.28
5.74
5.42
4.8
5.28
4.12
5.68
3.98
6.52
5.42
4.74
3.12
5.26
6.06
3.26
7.62
6.2
6.4
6.6
5.8
5.72
5.98
4.36
5.82
5.3
6.14
5.9
6.4
5.44
6.62
4.98
6.48
5.3
5.8
6.76
4.8
4.64
7.34
5.58
6.16
5.52
5.54
5.42
5.76
6.42
4.98
5.42
3.72
5.14
6.14
6.56
5.36
4.3
6.86
6.22
5.2
6.24
6.38
5.68
7.06
5.36
4.72
5.56
5.6
6.76
5.16
5.28
5.06
5.02
5.96
5.12
5.54
5.28
4.66
5.42
5.86
5.84
4.78
4.88
5.5
5.98
4.32
4.84
2.86
5.92
4.6
5.06
5.38
5.1
4.72
5.42
4.92
5.06
3.52
4.9
5.24
5.58
6.12
5.46
6.08
2.24
3.76
5.5
6.56
5.18
5.68
5.2
4.86
6.38
5.98
5.06
6.38
6.32
5.16
5.88
4.92
4.36
5.14
5.38
4.74
5.12
7.18
5.06
6.28
5.82
5.82
5.72
5.6
2.1
3.4
1.98
5.38
5.4
5.12
4.56
5.2
6.46
4.56
4.84
4.7
2.4
5.48
4.72
5.6
6.86
6.58
6.28
6.06
5.16
5.42
5.54
5.18
5
4.8
6.14
2.38
5.64
5.64
4.66
4.86
5.36
5.5
5.78
5.5
5.72
5.58
6.06
5.5
5.74
5.48
4.84
5.72
5.34
8.3
5.9
5.38
6.34
5.46
4.44
5.62
5.06
5.08
4.52
5.6
5.24
7.04
6.26
5.46
2.34
5.84
5.16
5.56
5.74
5.38
6.94
6.52
5.36
5.46
4.92
5.18
4.52
5.84
6.64
5.2
6.04
5.28
5.72
6.7
4.72
5.28
6.38
4.4
6.66
5.6
5.62
2.66
5.4
5.84
5.44
4.76
5.58
5
6.04
5.88
6.12
5.3
5.62
6.06
6.04
6.24
5.68
5.1
5.46
5.04
5.3
5.86
4.76
7.5
5.6
5.62
6.02
5.56
4.24
4.82
5.26
5.22
6.64
6.02
6.38
5.46
4.6
2.92
5.64
5.38
5.14
6.26
5.2
5.94
6.68
5.18
4.22
5.52
6.64
3.1
5.26
6.58
5.04
5.44
6.08
5.26
5.48
5.54
5.74
5.16
4.8
5.96
4.2
5.42
5.6
4.76
7
5.64
5.8
5.44
4.76
5.72
5.62
5.8
5.2
5.46
6.04
3.34
4.86
5.34
4.82
3.46
3.92
5.62
5.96
4.74
5.18
4.76
5.3
3.52
4.52
7.38
6.12
5.86
6.1
5.12
5.92
6.38
6.04
5.22
5.52
5.12
4.76
4.94
4.96
5.44
5.88
5.5
3.98
5
5.8
6.5
4.96
6.12
4.84
3.68
3.8
5.76
6.62
5.3
5.22
5.66
5.18
4.76
4.86
6.4
5.52
4.84
4.48
5.62
6.06
6.58
5.92
3.16
4.88
5.16
5.12
4.02
5.9
6.44
4.88
5.64
6.48
6.4
4
4.16
4.46
6.04
5.6
5.68
6.92
5.48
6.98
5.05882352941176
5.76
5.54
3.68
4.1
3.18
5.86
5.8
3.36
5.58
4.1
5.22
2.86
5.92
6.28
4.68
5.34
5.82
4.38
7.04
3.42
5.96
4.94
5.24
5.12
5.86
5.16
5.38
4.88
6.16
5.82
5.58
5.46
5.06
5.62
6.48
5.66
5.08
4.22
5.5
5.26
4.22
6.38
5.56
7.34
5.42
5.5
6.18
5.3
5.38
4.88
4.74
5.76
5.14
5.12
5.62
5.76
5.32
5.06
6.08
5.6
5.38
5.48
6.94
5.2
3.96
4.76
4.46
8.34
5.5
4.78
6.12
3.98
4.92
5.2
3.88
5.38
5.2
4.86
5.18
5.8
5.94
6
6.8
6.44
5.44
3.16
5.68
4.1
4.42
5.2
6.46
5.54
5.5
6.64
5.46
7.48
5.06
5.04
7.18
5.74
6
5.6
4.92
5.58
5.6
5.88
5.4
6.54
4.92
6.18
5.62
5.04
5.72
5.4
5.22
5.06
5.22
6.04
6.06
5.7
5.64
5.98
4.84
5.28
5.22
2.84
6.86
5.04
5.16
5.84
5.12
6.2
4.7
5.76
5.24
5.1
6.22
5.8
5.76
5.1
4.92
5.2
7.26
5.66
6.1
3.28
5.58
5.2
6.22
5.62
4.92
5.98
5.46
5.02
5.72
5.12
6.02
2.6
5.02
5.88
4.78
5.64
5.14
4.24
5.3
5.76
3.58
5.42
5.06
5.46
4.86
6.26
5.3
5.56
4.64
5.5
5.42
5.94
5.4
4.6
6.82
5.62
5.54
5.66
4.74
4.78
5.98
3.96
5.22
4.64
6.1
4.48
4.68
5.86
3.18
5.28
5.12
5.62
5.36
3.62
5.22
7.12
5.18
5.02
6.56
4.8
4.54
5.46
5.34
5.64
5.14
5.3
5.08
4.1
4.8
5.42
5.78
5.98
5.12
5.64
5.6
4.62
5.36
4.9
2.82
4.76
5.14
5.66
4.12
6.6
5.64
4.06
4.08
4.14
4.5
5.2
2.96
4.88
3.9
6.46
5.12
5.28
4.68
5.16
5.6
5.74
5.58
5.2
5.68
4.98
4.92
5.96
5.2
7.34
5.42
5.7
5
4.82
6
6.4
6.34
5.64
5.94
5.74
5.06
4.56
4.3
6.74
5.38
5.58
5.3
5.5
5.24
6.26
5.86
6.12
5.88
5.34
5.08
5.76
5.18
5.54
4.46
5
7.28
6.08
4.72
5.66
6.2
4.48
5.36
5.46
5.38
5.88
4.1
5.82
5.32
5.98
5.8
5.4
4.6
4.96
6.86
6.2
6.08
5.4
5.56
6.12
5.58
5.82
6.18
5.48
5.9
5.36
5.3
5.96
6.24
5.98
6.2
4.04
5.96
6.38
5.9
5.92
6.5
2.72
3.36
5.48
5.84
4.9
5.48
5.56
5.3
6.14
6.08
5.94
7.46
5.3
5.92
4.8
4.8
5.28
6.04
6.68
5.66
4.84
5.94
5.3
4.96
5.16
5.42
6.02
4.56
5.42
5.36
4.58
6.12
2.5
6.62
5.8
5.5
3.82
5.34
4.44
6.1
4.92
5.28
5.88
5.28
5.96
5.74
2.7
4.9
5.42
5.58
6.22
6.2
5.24
3.94
5
5.34
5.58
6.48
5.16
5.86
6.24
4.38
5.82
5.16
6
2.98
4.7
1.84
4.92
6.72
7.1
5.22
5.4
5.52
3.84
5.66
6.48
5.7
5.38
5.7
5.36
5.52
5.94
5.32
5.34
5.4
6.42
5.7
5.48
5.52
5.16
3.84
4.82
6.36
5.56
6.72
3.56
4.34
4.32
4.42
5.76
7.14
5.4
6.08
5.2
3.56
4.58
4.44
5.32
5.98
5.84
4.3
6
4.76
5.56
6.66
5.48
5.18
5.1
5.78
5.64
5.12
5.14
6.68
6.26
6.92
4.82
3.52
7.64
5.98
6.56
5.34
6.02
5.36
4.18
5.72
6.16
6.04
5.36
5.34
5.32
5.72
4.58
4.68
5.42
5.4
6.02
5.6
4.98
6.36
5.32
5.18
4.96
4.72
5.22
6.82
5.84
5.4
5.04
5.28
3.96
4.9
6.52
4.16
4.94
6.14
4.44
4.28
3.64
3.64
5.6
6.28
5.2
5.32
5.9
5.76
5.7
4.42
5.82
4.92
5.4
7.02
5.74
5.6
5.9
5.24
5.26
3.58
4.96
5.1
6.66
5.2
5.36
4.1
5
4.52
5.42
5.52
7.46
4.84
5.62
4.7
5.06
5.22
6.32
4.98
6
5.62
3.82
6.32
5.14
4.9
6.76
5.88
7.7
6.62
5.68
5.42
6.28
5.32
5.46
6.46
5.48
3.2
5.46
5.74
5.08
5.62
5.5
6.18
5.64
5.84
5.82
5.9
4.58
5.1
4.47058823529412
5.46
5.72
6.12
5.46
5.26
5.1
7.12
1.4
5.76
6.36
7.04
5.84
5.78
5.8
4.94
4.8
5.5
4.56
5.68
5.02
5.44
6.32
6.4
4.94
6.08
5.14
7.58
4.76
4.92
4.24
4.72
5.28
3.34
5.02
6.3
5.26
5.16
4.02
4.84
4.8
7
5
5.14
6.06
6.9
5.64
5.46
5.14
4.4
5.8
5.06
5.2
4.62
5.3
5.76
4.36
4.6
6.02
5.88
4.86
5.28
5.2
6.48
3.82
5.3
6.04
4.74
4.78
5.68
5.44
5.4
6.04
6.38
6.7
5.88
5.14
5.3
5.3
5.88
6.28
5.42
5.26
4.98
5.76
5.24
5.82
5.7
5.36
5.76
5.74
5.56
6.2
6.18
6.84
5.98
6.48
6.84
5.06
6.06
5.38
5.76
6.56
6.04
5.4
5.56
4.06
5.54
5.08
5.52
5.74
5.22
7.66
5.98
4.74
7.58
4.2
6
5.26
4.5
5.68
5.42
5.98
6.32
2.58
6
5.48
6.6
5.52
6.14
5.42
5.76
6.26
6.28
6.14
3.18
5.48
5.06
6.02
6.48
6.12
5.62
4.42
5.26
4.68
5.26
5.72
5.86
5.22
5.9
6.6
4.84
6.04
5.36
5.32
5.06
7.32
5.44
5.46
5.6
5.7
7.02
5.84
1.48
5.26
4.88
5.08
2.36
6.58
5.16
3
6.44
3.96
4.38
6.14
5.34
5.46
5.56
5.46
5.34
7.62
4.94
5.3
5.72
5.7
5.7
4.8
4.98
5.3
4.9
6.64
5.86
3.96
4.84
5.22
6.3
4.66
6.94
7.9
5.08
2.66
4.64
4.48
6.48
6.22
6.96
5.12
5.76
6
5.88
5.66
5.92
5.42
3.7
4.62
6.26
5.6
5.84
5.24
4.84
6.12
5.2
5.82
4.5
7.12
5.16
4.44
6.8
5.44
4.22
6.7
5.1
5.48
4.54
5.7
5.32
5.16
5.52
4.6
4.92
3.82
6.22
5.62
6.3
6.06
6.02
6.22
5.82
5.54
3.88
6.64
5.52
5.32
6.72
5.24
5.36
5.14
5.84
5.86
5.96
7.66
6.36
2.98
5.88
3.24
4.8
5.94
4.68
4.86
5.4
6.94
4.24
5.6
4.98
5.24
4.44
4.76
5.24
6.84
5.28
5.82
5.6
4.88
4.46
6.58
5.64
6.16
5.02
5.48
5.58
6.04
4.94
5.38
4.7
5.96
5.76
4.96
5.06
4.98
5.82
4.86
5.38
5.28
4.84
5.74
5
5.14
5.48
5.14
5.48
4.88
4.22
7.5
4.5
5.74
5.72
5.5
5.76
5.82
4.9
2.82
4.26
5.26
5.18
5.64
6
4.04
5.9
4.82
5.18
4.84
5.14
5.16
5.36
5.22
4.36
6.1
4.04
5.72
1.98
5.04
5.68
6.1
4.36
2.56
5.6
5.28
5.8
4.62
5.6
5.66
6.2
4.66
6.54
3.9
5.2
3.18
6.56
5.66
6.4
7.64
6.72
3.86
5.3
5.32
5.32
