5.14
4.72
7.02
4.84
4.94
4.98
3.56
5.98
5.18
5.02
5.09803921568627
5.1
4.1
5.36
5.64
5.18
5.5
5.58
5.72
5.16
4.44
6.12
5.24
5.34
5.56
5.78
4.26
4.94
6.48
5.52
5.74
5.54
5.06
5.24
5.32
2.88
7.54
6.82
4.96
4.7
2.02
4.7
6.7
5.08
5.78
4.34
5.96
4.58
4.92
7.44
6.54
5
5.2
6.12
5.66
5.24
6
5.32
5.98
5.26
5.02
4.96
5.04
4.8
4.68
5.16
4.32
5.34
5.76
5.72
6.08
4.42
4.94
6.52
6.46
5.44
6.4
5.96
4.46
5.5
6.34
4.58
4.94
5.34
6.82
2.9
5.86
5.78
5.58
6
5.56
4.94
4.92
6.04
4.88
4.84
5.66
5.22
4.88
4.58
6.1
5.32
5.14
4.96
5.04
5.66
6.12
5.82
6.34
4.94
5.38
7.1
5.16
5.1
7.34
6.7
4.46
5.44
4.12
4.14
5.38
6.2
4.98
5.86
5.4
4.98
5.74
4.86
4.9
5.14
5.46
5.22
4.62
5.66
5.92
5.36
4.98
6.06
5.14
5.96
5.04
6.16
5.08
7.56
5.6
4.84
5.44
4.28
5.32
5.6
5.84
5.48
5.34
6.16
5.3
5.7
5.88
5.6
5.72
5.36
5.18
5.24
5.1
6.04
5.24
1.78
5.42
5.54
5.82
5.28
6.76
4.8
5.18
5.12
5
4.94
5.66
7.02
5.24
5.46
5.44
6.52
5.4
5.3
5.72
5.66
5.8
6.04
5.9
5.3
5.48
6.2
5.7
4.14
4.4
4.8
5.82
5.68
5.36
6.34
5.42
5.7
6.18
5.1
5.42
6.24
4.3
5.22
6.16
4.48
5.2
2.54
4.78
5.54
4.74
6.5
4.18
4.66
5.28
5.26
5.52
5.52
5.54
5.96
6.36
6.48
1.94
5.76
5.76
5.34
4.82
5.9
6.84
5.74
5.22
5.04
2.58
3.38
5.54
5.38
4.64
5.62
5.8
4.84
5.52
5.84
7.36
5.6
5.4
5.34
5.08
5.4
5.36
3.86
5.72
5.28
5.64
4.74
5.6
7.62
5.24
5.38
6.96
5.08
5.28
4.78
4.98
7.28
5.44
5.18
5.96
6.2
6.24
6.02
5.4
1.78
6.86
4.82
5.22
5.4
5.18
6.52
5.92
5.6
5
5.54
4.46
5
4.94
5.28
5.74
5.46
4.64
5.84
4.38
4.98
5.62
6.08
5.34
5.56
6.34
5
6.68
4.88
5.94
6.42
5.72
4.9
5.08
6.58
5.52
5.3
5.86
5.14
6
5.7
5.34
3.2
5.66
5.92
5.36
5.26
5.32
5.94
5.84
5.32
4.92
6.16
5.26
5.12
6.34
5.02
3.12
4.04
5.1
5.42
5.52
5.68
5.46
4.62
6.38
4.84
6.26
4.74
7.1
5.9
5.14
6.36
5.28
4.1
5.6
5.9
4.62
5.18
5.28
5.5
7.04
6.02
5.78
6.38
3.84
4.92
6.14
6.68
6.24
7.36
7.32
4.8
5.12
5.14
5.56
5.8
5.34
4.54
6.62
5.12
4.96
5.62
5.86
6.02
5.6
5.38
5.68
5.2
6.74
5.52
6.16
4.4
3.68
6.06
5.62
5.74
4.54
6.7
5.58
2.34
5.5
4.36
6.04
4.86
5.22
5.14
6.38
5.38
4.66
5.1
5.02
4.96
7.24
5.22
6.14
6.4
5.32
3.26
5.12
5.44
5.2
5.26
5.26
2.46
4.22
7.34
5.1
4.52
5.44
5.6
5.66
4.92
6.02
4.82
6.7
5.24
4.36
4.36
3.32
5.32
5.2
5.28
5.12
5.32
4.28
6.34
6.12
5.46
5.32
4.14
5.8
3.3
4.74
3.48
5.96
4.74
5.86
4.7
5.24
5.26
6.56
7.1
5.52
5.38
5.38
4.66
4.96
5.04
5.26
7.64
6.74
5.22
4.28
4.44
5.38
7.42
2.78
5.82
5.54
5.6
4.44
5.34
5.76
2.64
5.32
5.2
4.1
5.06
5.28
5.04
5.8
5.56
5.7
2.02
5.5
7.12
6.06
5.42
4.24
5.42
5
5.4
5
3.98
5.64
5
5.82
5.7
6.08
5.66
5.22
5.18
5.92
6.32
5.14
6.74
3.26
5.88
5.6
5.94
5.52
2.92
4.74
5.24
4.3
6.62
5.26
4.7
5.56
4.86
4.54
5
1.7
5.14
3.26
4.22
5.58
5.58
5.36
6.08
5.72
5.36
6.16
4.18
5.2
5.4
5.28
6.8
5.58
6.02
5.58
5.62
5.98
5.4
5.32
6.02
4.9
6.02
5.62
6.38
5.38
5.3
5.26
4.46
5.36
6.12
5.56
5.38
6.04
5.64
5.6
5.3
4.82
5
5.42
5.12
5.3
4.96
5.36
7
5.22
5.5
3.3
5.44
5.3
3.38
6.3
2.48
4.92
5.92
5.94
5.56
5.18
5.28
4.22
5.46
6.76
5.26
6.22
4.72
4.86
7.32
3.88
2.08
4.64
4.82
4.98
5.44
5.7
5.12
5.2
6.3
3.1
5.56
5.74
4.78
5.64
5.02
6.16
4.54
5.14
4.52
5.08
5.86
4.44
5.32
6.44
5.92
6.44
6.14
2.6
5.5
4.7
6.64
4.42
5.46
5.48
5.72
4.22
5.42
6
6.3
5.16
5.64
4.68
5.46
5.2
6.1
5.48
4.94
2.6
5.08
4.8
2.74
5.4
5.88
5.12
5.62
5.18
5.12
4.68
7.42
6.2
6.12
5.76
4.96
5.44
5.9
4.96
5.74
6.36
5.86
5.3
5.46
5.12
5.14
5.8
5.42
5.98
3.28
5.2
5.3
5.64
5.14
5.08
6.2
5.36
5.56
5.28
5.52
2.92
5.36
5.58
5.44
3
4.44
6.98
4.68
4.84
5.46
4.72
4.48
4.96
6.26
5.04
4.8
5.84
5.06
6.16
6.86
6
5.42
5.2
5.44
5.54
5.42
3.52
4.42
4.5
5.2
5.26
3.74
6.72
5.66
5.7
5.9
6.1
5.18
4.28
4.42
5.24
3.92
5.14
5
5.36
6.92
6.38
5.52
5.02
5
5.58
5.46
4.94
5.12
6.56
4.44
5.48
5.2
2.56
5.96
5.8
6.58
4.78
4.32
6.34
5.28
5.74
4.96
5.12
5.22
7.68
4.86
6.28
4.76
5.54
4.58
6
4.24
4.94
5.14
5
6.3
5.78
7.68
5.36
3.68
5.86
5.16
5.56
4.82
5.36
4.86
4.6
5.46
6.04
6.18
3.72
4.8
3.64
5.2
5.46
5.62
3.64
3.24
5.06
4.88
5.76
7.46
7.16
4.1
5.66
5.18
5.78
5.9
5.38
4.82
4.46
3.12
5.06
5.04
6.4
4.16
4.88
3.82
5.7
5.14
4.3
5.42
5.58
5.78
5.66
5.74
6.76
6.06
7.14
4.92
6.02
7.52
5.88
5.42
8.04
5.14
6.02
5.9
5.2
5.64
3.66
5.06
5.02
5.26
5.94
6.06
5.26
5.16
5.18
5.26
5.12
4.74
4.38
6.32
5.32
5.54
5.3
6.4
5.76
5.6
4.34
5.42
5.42
4.28
4.04
4.86
6.52
4.12
5.28
4.62
5.9
4.76
4.96
4.92
5.62
5.44
5.44
5
5.6
5.16
6.38
5.24
5.8
2.6
4.9
4.44
5.56
6.34
5.36
5.28
5.14
5.5
5.36
4.54
5.4
5.42
5.42
5.16
6.34
5.08
5.14
5.12
5.4
5.4
5.82
4.78
5.5
5.1
5.36
4.9
6.04
3.44
7.26
4.88
3.16
5.12
5.86
7.04
5
3.7
5.66
5.62
5.28
5.48
5.08
5.4
4.32
5.96
2.88
5.4
5.98
5.18
5.9
4.9
5.4
5.58
5.42
5.58
5.74
7.84
4.56
5.04
7.5
5.06
6.5
5.54
5.48
6.68
6.26
5.66
4.98
6.22
5.04
5.88
4.38
5.42
5.66
5.1
5.38
6.04
5.84
5.14
5.24
6.08
5.2
7.36
3.56
5.62
3.68
4.72
5.38
4.66
5.9
5.34
4.98
5.48
5.14
4.92
6.18
5.12
5.72
5.5
3.98
5.22
5.16
6.58
5.24
6.32
5.36
4.36
5.34
5.2
5.28
4.04
5.74
4.9
2.84
5.26
6.4
5.04
5.28
4.82
3.18
5.02
6.2
5.2
6.12
4.54
3.46
6.28
3.98
5.44
2.62
5.46
4.9
6.02
5.44
5.96
5.74
5.94
4.82
7.28
5.4
5.32
4.84
5.66
4.94
5.24
5.84
7.74
5.18
7.16
5.6
5.14
6.1
5.48
5.78
5.34
5.48
5.14
5.08
5.62
5.44
5.82
4.98
5.06
5.94
6.2
5.62
6.06
5.96
4.46
5.24
5.14
6.14
5.12
5.66
5.6
5.76
5.54
5.16
7.18
5.26
5.1
5.42
5.46
5.42
4.86
5.64
5.04
5.78
4.98
5.6
4.84
5.3
5.28
5.6
3.9
5.56
5.12
5.78
5.14
6.78
5.14
5.58
4.94
4
5.5
6.52
3.3
7.24
3.5
5.22
6.8
5.26
4.92
5.9
3.78
5.3
4.92
6.12
5.88
5.6
5.56
5.6
5.12
6.44
4.14
4.8
5.64
3.3
5.98
5.16
5.46
4.98
5.98
5.96
4.94
4.58
5.36
4.48
5.62
5.26
5.16
4.82
5.94
5
2.06
4.9
4.74
4.68
4.82
4.96
6.78
5.04
5.08
5.72
4.92
4.9
6.06
5.86
5.52
5.3
5.52
6.02
6.78
3.9
5.44
4.82
5.16
5.44
5.64
5.96
4.64
6.36
5.94
5.02
5.6
6.04
5.42
4.24
3.64
5.36
7.5
6.7
5.98
5.36
5.24
6.2
4.78
5.66
5.7
5.64
5.82
5.76
5.6
5.34
4.52
3.54
5.28
6.84
5.02
5.42
3.28
5.12
6.9
5.64
4.86
5.36
6.08
5.72
5.76
5.28
5.34
4.84
4.44
4.96
4.84
5.42
5.18
5.52
5.78
4.98
4.76
5.4
6.34
5.54
5.72
5.54
5.96
4.64
5.2
4.4
5.2
5.3
5.32
5.72
4.64
5.84
5.88
5.06
5.66
5.12
5.68
4.98
5.56
5.4
6.34
6.22
5.62
6.06
5.92
5.36
5.14
5.72
5.56
1.66
6.04
4.26
5.12
5.66
5.54
5.34
5.42
5.12
5.28
5.54
5.54
5.3
5.34
6.96
2.68
5.56
5.24
5.32
3.74
4.72
6.28
6.2
4.96
5.4
4.98
5.68
4.52
4.02
6.04
5.24
3.32
5.18
5.5
4.96
4.26
4.14
5.26
3.04
5.22
6.16
5.78
5.68
4.72
5.34
5.98
5.82
5.02
7.48
5.4
5.24
6.34
5.16
4.84
6.56
4.72
5.42
4.96
5.6
5.08
5.3
6.02
4.62
5.5
5.58
5.08
5.18
5.36
6.7
5.72
7.38
6.92
5.42
5.08
5.56
7.16
5.16
5.48
7.06
4.92
4.98
4.9
6.08
4.68
5.9
5.62
5.74
5.46
5.9
5.94
4.06
7.54
2.62
6.58
4.54
6.6
5.2
5.8
5.28
5.84
5.16
5.14
5.92
6.42
5.88
4.9
5.16
6.58
5.26
5.6
5
5.82
4.76
5.1
6.02
5.96
5.54
5.8
4.66
5.16
6.38
5.96
5.02
4.68
5.22
5.32
5.16
5.14
3.02
3.7
4.96
6.58
5.76
5.34
5.08
6.36
4.9
5.7
3.68
6.04
6.38
4.34
5.42
5.52
5.56
5.28
5.28
5.86
5.2
5.56
4.28
5.18
5.96
5
5.14
5.24
5.22
7.44
7.42
5.32
5.12
5.36
5.6
4.88
4.44
5.58
5.98
5.18
3.8
6
5.5
6.18
7.44
5.08
5.08
4.98
5.28
5.16
5.48
4.92
5.38
5.74
4.94
5.2
6.08
4.66
6.14
7.16
2.7
5.44
5.34
1.48
5.62
5.32
5.92
5.34
5.22
5.34
5.26
5.22
5
5.54
5.9
5.42
5
5.4
4.8
5.22
5.98
4.96
5.28
5.44
3.78
6.2
5.3
5.84
5.02
5.5
4.94
5.28
4.94
5.38
6.84
7.08
4.98
5.64
4.88
5.32
6.42
5.28
5.02
5.96
5.22
8.22
5.92
5.16
5.86
5.54
5.3
5.96
4.56
5.5
5.02
5.2
5.24
5.88
5.46
5.12
6.22
7.92
6.96
5.42
5.94
6.5
3.18
5.78
5.22
5.32
6.04
4.9
5.72
4.64
4.18
6.36
4.86
6.48
5.66
5.46
5.28
5.12
5.68
5.28
5.5
5.26
5.32
5.08
5.06
5.4
5.48
7.38
6.06
5.38
4.24
5.36
6.58
5.2
5.82
6.66
4.94
6.94
3.36
6.12
5.04
4.66
6.76
5.64
5.22
5.58
5.72
5.3
4.9
6.44
5.64
5.46
4.1
5.66
6.42
4.86
6.26
5.52
7.92
5.8
4.94
4.18
4.44
5.66
6.28
5.44
5.46
5.54
5.76
6.36
5.3
5.8
6.24
5.14
6.92
5.66
5.02
5.04
5.72
5.54
5.46
6.44
4.1
6.68
5.08
3.26
4.42
4.94
3.94
5.26
4.86
5.68
4.54
2.84
5.54
5.36
5.22
5.76
5.5
5.08
5.58
5.52
6.04
4.9
5.66
6.18
5.2
5.72
5.58
7.22
6.76
5.4
5.4
3.06
5.56
5.34
7.82
5.42
4.32
5.64
5.54
5.3
5.82
4.86
5.98
5.12
3.4
5.72
4.46
4.98
6.4
4.62
4.38
5.64
4.46
5.42
5.66
5.7
5.68
5.22
4.98
5.18
6.74
4.68
6.4
5.3
4.4
5.52
3.24
5.06
5.06
5.36
5.06
6.08
6.76
4.78
5.38
4.88
6.14
5.4
5.38
4.7
5.48
5.88
6.88
5.12
3.1
6.06
3.38
4.24
4.48
5.7
6.28
5.64
4.76
4.84
6.52
5.42
5.42
5.18
6.76
3.48
4.94
5.56
6.08
5.78
7.16
4.7
5.28
6.3
5.02
7.74
5.7
5.02
5.72
5.18
5.74
5.48
5.12
6.48
4.82
5.54
5
4.94
5.8
5.86
5.04
7.8
5.58
5.52
5.72
5.76
6.08
5.14
5.92
4.94
5.54
7.22
5.9
5.56
5.46
5.4
4.28
5.52
5.84
6.3
5.16
5.56
6.7
3.04
5.5
5.06
5.36
5.3
3.56
5.74
5.58
2.48
6.14
4.72
5.3
7.32
5.24
5.76
5.02
5.96
5.2
5.92
6.74
7.42
6.18
5.66
5.36
4.94
5.92
5.24
5.14
4.26
5.86
4.46
5.62
5.02
4.68
5.76
5.18
5.24
4.94
6.08
5.52
4.16
6.18
5.54
5.58
4.76
5.4
5.12
5.46
2.08
5
5.48
7.4
5.56
5.8
5.38
5
6.24
5.5
5.42
4.7
5.26
6.1
5.86
5.58
5.54
6.76
4.66
5.14
3.18
5.16
2.44
4.84
6.64
5.78
4.3
5.24
5.94
5.12
5.98
5.12
5.34
6.38
2.96
6.74
5.2
4.86
3.5
5.36
5.42
6.34
5.36
5
5.12
5.52
5.16
4.98
5.98
6.64
5.32
5.9
5.52
6.14
5.66
4.02
5.12
6.58
5.5
5.54
5.36
5.66
8.2
6.14
2.92
5.44
4.6
4.9
5.02
6.22
5.54
5.5
4.1
5.46
7.06
6.9
5.96
7.26
5.74
3.12
4.94
4.96
5
5.66
6.18
4.78
4.76
4.84
6.16
6
4.8
4.7
5.78
5.84
6.02
4.98
5.56
5.66
5.28
6.62
7.9
2.36
6.16
5.1
5.5
5.36
4.92
6.02
5.16
5.92
7.86
5.84
5.02
7.22
5.16
5.42
5.08
5.54
5.34
5.4
2.38
5.12
6.16
3.08
1.68
5.42
5.58
5.36
5.92
5.66
5.52
5.64
5.92
5.74
5.38
2.78
6.04
5.08
4.4
5.8
4.1
5.52
5.38
5.64
6.02
5.86
5.12
3.86
7.44
5.72
5.9
5.7
6.86
6.28
5.62
5.56
6.12
5.5
5
4.72
5.94
5.5
4.96
7.4
4.76
7.22
5.4
5.38
6.36
5.8
5.48
4.92
5.04
5.76
5.74
5.86
5.7
5.24
5.2
5.66
5.68
5.82
7.4
4.4
5.76
6.4
5.62
5.08
5.22
5.7
5.54
6.14
5.26
3.28
6.18
6.62
4.9
7.72
5.06
5.7
6.04
6.14
7.18
4.84
5.34
6.94
5.36
5.48
7.18
5.26
5.36
5.04
5.64
5.18
5.1
6.26
5.08
5.08
4.8
5.26
4.82
6.26
5.62
5.32
6.18
5.34
7.4
5.06
1.84
5.94
6.76
5.54
5.3
5.34
5.38
5.36
5.28
5.2
4.46
5.74
5.82
5.28
6.42
5.5
6
5.82
5.54
4.06
4.88
5.48
5.84
5.04
4.94
6.32
4.9
5.24
5.76
5.52
5.52
4.96
5.2
5.86
5.22
6.3
4.96
5.18
5.54
5.74
5.78
5.76
4.94
6.02
3.46
3.82
6.14
6.1
5.68
5.42
5.78
5.74
6.04
5.26
4.44
5.38
5.24
5.18
3.58
5.76
4.34
6.46
5.24
5.86
6.8
5.66
4.84
5.56
5.48
5.48
6.28
5.66
5.2
5.6
5.24
5.08
6.54
4.3
5.44
4.54
6.38
7.76
6.94
5.4
6.3
5.18
5.82
5.64
4.94
4.7
7.7
4.86
4.92
5.38
5.58
5.44
4.98
5.76
4.84
6.32
7
5.42
5.08
5.78
3.48
7.22
4.1
5.32
5.64
5.4
5.22
5.66
5.26
5.26
4.84
5.38
4.18
5.52
5.44
6.48
6.9
5.58
5.26
6.14
5.22
5.14
6.5
5.48
5.46
4.72
5.3
4.9
5.64
5.92
6.06
5.18
5.4
5.6
6.5
5.48
4.8
4.42
4.74
5.62
5.7
5.72
5.22
5.42
5.32
4.38
3.9
5.16
5.04
5.18
6.22
6.48
5.02
5.52
5.02
6.02
5.26
5.66
5.78
3.8
2.86
4.08
5.58
4.24
5.62
4.04
6.22
4.84
5.34
5.94
4.02
6.78
5.66
5.56
7.02
5.88
5.26
5.8
5.08
5.34
5.66
7.92
5.4
4.06
5.76
6.04
6.42
5.34
5.14
5.28
4.76
5.74
5.6
5.5
5.14
5.08
4.78
5.86
5.46
4.98
5.26
5.22
4.96
5.64
5.84
6.02
5.36
5.78
5.92
6.08
6.58
5.58
5.28
5.08
4.86
5.58
5.18
5.24
5.96
3.96
5.56
5.4
5.84
7.62
5.02
4.78
5.14
5.26
4.1
5.42
5.26
6.32
7
5.28
4.34
7.7
5.28
5.22
4.98
5.64
6.46
5.3
6.98
4.78
3.22
5.18
5.18
6.02
5.8
5.62
5.62
5.38
4.06
5.4
5.62
5.42
5.82
7.5
5.62
5.18
5.1
5.36
5.32
5.64
5.32
3.48
4.02
4.38
5.52
6.64
5.96
5.58
5.22
6.38
6.06
5.5
5.96
5.86
3.58
5.44
5.5
6.92
5.4
5.34
5.2
5.24
5.62
5.2
6.5
5.56
6.52
5.22
5.28
5.6
5.48
5.18
6.06
5.78
4.86
5.56
5.36
5.42
6.1
5.38
5.22
6.38
4.94
2.86
5.32
5.14
5.52
2.34
5.24
4.02
3.92
5.38
5.62
6.44
5.68
5.36
4.46
6.64
5.32
4.82
4.72
5.26
4.28
5.12
3.18
6.12
5.72
5.1
2.58
5.22
6.46
2.58
5.36
5.42
5.54
4.96
4.84
5.78
5.86
5.24
4.56
5
5.14
5.06
6.44
5.52
5.38
5.26
6.46
5.14
5.58
6.28
6.18
5.28
4.28
6.4
6.12
5.42
4.76
5.56
5.5
2.38
5.88
6.2
1.88
5.5
3.08
5.24
5.2
3
5.32
5.28
5.3
5.82
5.22
5.7
5.24
5.32
4.04
5.32
5.48
6.14
7.8
5.12
5.16
5.38
5.02
5.42
6.74
5.42
4.86
5.48
5.4
6.86
5.74
4.56
5.38
5.74
5.02
5.54
5.52
4.92
4.46
7.34
5.06
5.7
5.18
4.56
5.82
5.2
5.14
6.14
5.18
4.44
5.2
4.9
4.9
6.64
5.94
5.24
4.82
5.9
5.08
5.22
5.18
5.56
3.96
6.02
5.62
4.96
7.06
5.6
5.44
5.36
5.52
4.84
6.66
4.76
4.96
6.28
5.6
5.64
5.68
4.94
6.34
5.96
5
5.14
7.44
5.58
5.24
5.26
5.6
6.46
6.3
6.18
7.3
5.76
4.14
6.12
5.44
6.78
6.4
3.04
6.38
5.36
6.68
5.02
5.84
5
5.46
5.38
5.48
6.86
5.42
5.86
6.32
5.6
5.76
4.9
5.18
5.52
5.62
5.98
1.74
5.66
5.94
5.2
5.64
5
6.72
5.26
6.34
5.32
6.42
5.82
5.38
5.66
4.82
5.52
3.86
5.9
5.04
5.14
4.96
5.44
5.1
6.14
4.92
5.12
5.5
5.44
3.92
7
4.96
6.1
5.1
4.36
5.56
5.64
3.1
5.26
5.52
5.58
5.58
5.92
5.28
5.54
5.38
5.42
5.28
5.32
5.12
6.02
3.9
7.18
5.18
5.42
5.36
5.7
6.76
5.32
5.3
5.88
5.14
5.48
6.16
6.26
4.48
5.66
7.2
6.18
5.96
5.66
5.24
4.74
5.78
6.28
5.26
5.7
5.66
5.26
4.98
5.38
5.12
5.46
6.3
3.46
5
6.36
6.9
4.8
5.58
6.14
5.34
6.02
4.94
5.3
5.58
5.06
4.84
5.08
5.12
4.34
7.1
4.44
6.22
5.2
2.68
5.14
5.28
3.62
7.38
5.02
5.48
5.38
5.3
6.42
4.58
5.22
4.4
5.7
5.82
7.2
5.5
7.6
5.28
5.12
5.24
4.72
6.6
5.24
6.1
7.68
4.5
4.86
5.1
4.86
3.02
5.08
6.22
4.54
5.72
5.18
5
5.06
5.6
5.72
5.52
3.72
5.14
5.22
5.4
5.98
5.7
5.04
5
5.3
4.88
5.2
4.94
5.52
5.66
5.94
5.24
5.8
6.84
5.06
6.14
5.18
5.32
5.06
5.88
6.36
4.94
5.78
4.24
5.52
5.58
5.54
5.62
5.58
5.68
6.34
5.5
5.96
6.38
5.48
1.52
5.14
5.66
5.36
5.32
5.1
6.22
5.94
5.02
7.12
5.02
4.18
5.78
5.06
5.2
5
5.16
5.98
5.6
5.22
6.56
3.42
5
5.22
5.22
3.98
5.42
6.62
5.18
5.66
4.32
2.38
5.98
5.54
5.48
5.18
4.9
5.56
4.54
4.88
5.16
5.24
5.82
5.48
5.74
5.42
6.06
5.42
5.84
4.82
5.5
5.56
5.76
4.98
5.28
4.2
4.92
5.2
4.76
5.02
5.94
7.32
4.3
6.22
5.9
5.2
5.56
5.2
4.06
4.76
5.52
2.8
6.38
5.22
4.06
3.46
5.1
5.12
3.86
6.46
3.86
3.68
6.22
5.96
4.98
6.3
5.62
5.4
4.94
4.72
6.14
5.16
5.76
5.7
5.2
2.42
5.86
5.6
5.44
5.48
5.48
6.46
5.34
6.68
5.72
4.58
5.1
5.98
4.74
4.8
4.42
5.26
5.04
5.7
5.4
5.12
5.62
5.42
5.62
5.4
5.36
2.8
5.78
5.32
5.64
5.08
5.34
4.88
5.64
5.12
5.5
5.38
3.14
6.24
5.32
5.16
4.78
5.04
5.98
5.16
5.5
5.7
5.2
5.36
5.26
3.1
5.12
3.72
4.98
5.62
3.86
7.2
5.12
4.98
5.88
5.82
7.38
5.36
3.66
6.18
5.36
5.84
5.16
6
5.4
5.2
5.04
5.9
5.4
5.3
5.32
4.46
4.9
5.7
3.8
5.76
5.04
6.24
5.44
5.34
5.32
5.4
7.3
5.44
5.86
5.46
5.28
5.52
5.22
4.98
3.34
5.4
5.74
5.9
5.56
3.36
5.56
6.36
4.9
5.22
6.28
1.82
5.6
5.32
6.16
5.96
7.72
5.6
5.5
4.1
5.6
5.48
5.74
4.76
6.14
5.36
6.24
5.56
5.64
5.24
4.9
5.48
4
6.36
6.88
5.52
5.4
1.82
5.1
5.94
5.06
5.12
5.38
5.34
6.18
4.88
5.48
5.06
5.58
5.1
6.44
5.02
6.24
5.28
5.02
5.74
5.18
6
6.5
5.74
5.5
6.28
5.5
5.38
6.32
5.3
5.42
4.98
5.28
3.56
5.66
3.52
4.98
5.2
5.46
6.12
4.88
4.96
5.92
5.56
6.16
4.68
6.22
4.96
5.8
5.36
4.64
5.62
5.98
5.08
5.22
4.44
7.32
5.86
5.92
5.6
5.34
4.92
5.26
5.48
5.46
5.52
6.36
5
5.16
5.46
6.34
5.12
5.42
6.24
4.28
4.2
1.9
6.1
5.2
4.74
5.46
6.28
6.62
5.78
5.06
5.76
5.74
5.48
5.54
5.22
5.94
5.42
3.56
4
5.1
5.26
4.06
5.68
5.48
5.62
5.52
5.58
7.04
5.1
5.7
5.18
5.46
5.72
5.58
6.76
4.44
5.04
5.04
5
5.16
5
5.24
5.8
5.32
5.14
6.3
6.84
6.2
5.54
5.04
6
5.44
5.4
5.66
5.38
5.8
5.22
6.12
4.96
5.24
5.42
4.98
5.6
5.26
5.84
5.76
5.76
2.32
5.3
6.02
5.26
5.86
5.62
5.62
5.5
5.36
7.58
3.46
5.14
5.6
5.12
7.3
5.24
4.88
8.04
5.24
5.04
4.12
5.9
6
3.9
5.16
6.26
5.3
5.66
5.64
3.88
4.76
6.02
5.02
5.16
5.8
4.26
4.54
6.86
5.36
5.46
4.78
5.34
4.26
5.1
5.46
4.04
5.12
4.54
5.68
2.56
5.6
5.36
5.68
5.3
6.2
5.52
4.92
5.16
5.98
5.66
4.94
4.24
6.22
5.22
4.8
5.5
5.94
5.34
5.54
5.16
4.6
5.8
5.46
5.4
5.98
6.32
5.76
5.74
4.98
1.7
6.32
6.12
5.3
4.28
6.12
5.16
5.14
5.78
4.98
5.8
4.48
4.86
5.16
5.24
5.28
5.34
5.5
4.88
5.48
4.88
7.44
5.62
7.36
5.78
5.68
5.9
5.46
5.42
7.1
5.06
5.64
5.6
5.34
5.32
5.3
4.4
7.52
5.28
5.14
4.96
5.18
5.78
5.96
4.2
2.86
5.06
5.88
5.8
6.82
5.3
5.5
6.56
5.3
5.36
5.08
5.28
4.28
6.16
5.18
5.78
4.98
6.68
5.96
4.28
5.24
4.92
5.86
5.2
6.32
5.8
4.94
4.08
5.36
5.3
4.6
6.28
5.08
5.24
5.92
5.6
5.22
5.58
5.8
5.48
5.5
4.04
5.22
5.9
3.56
5.48
5.38
5.1
3.98
6.98
4.22
6.46
3.1
5.28
7.44
5.46
5.54
4.44
5.52
2.42
5.6
7.28
5.96
5.7
5.32
5.38
5.68
5.48
5.28
5.26
5.66
5.38
6.4
5.82
6.38
4.48
5.5
5.3
5.08
5.72
5.38
6.46
5.46
5.44
6.08
4.9
5.84
3.72
5.48
5.94
6.58
5.62
6
4.82
2.18
6.7
5.56
5.34
4.34
5.12
5.08
5.78
5.4
5.42
4.2
7.02
5.14
3.74
5.56
5.72
5.32
5.5
5.06
5.1
5.44
5.68
2.46
3.48
5.62
4.68
5.04
6.54
6.16
5.42
6.2
6.54
5.26
5.18
4.3
4.18
5.56
5.72
5.6
5.64
5.9
4.96
5.82
5.32
5.5
5.2
5.66
5.96
5.16
5.7
5.68
5.16
5.7
6.86
5.1
5.16
7.3
5.56
5.22
5.44
5.68
6.04
5.74
6.72
5.18
6.84
5.02
3.06
6.02
5.3
6.04
6.18
5.32
5.22
5.84
4.06
7.18
5.38
6.02
7.38
5.46
5.18
5.42
4.64
5.24
5.14
4.46
5.06
6.4
7.66
5.4
4.54
7.16
5.12
5
4.6
5.06
3.74
4.84
4.68
5.24
2.3
6.1
5.38
5
4.82
5.58
4.52
5.34
6.42
5.14
6.96
5.22
6.62
5.18
5.08
4.96
5.84
5.18
5.48
7.78
5.36
4.7
7.68
5.28
5.22
5.2
3.68
3.8
5.26
5.34
4.98
5.48
5
5.34
4.5
5.26
4.5
7.72
6.02
4.9
4.84
5.44
5.32
6.38
5.2
5.3
5.16
6.24
5.18
7.16
4.94
5.28
5.54
5.52
5.16
4.5
5.2
5.58
5.94
6.02
4
5.16
5.44
5.68
3.14
4.14
6.06
5.04
5.78
4.72
6.66
5.28
5.16
6.56
4.9
5.28
6
3.38
4.8
5.6
6.36
4.8
6.28
5.88
6.1
5.14
3.96
5.18
4.84
5.02
7.48
6
5.38
6
5.34
5.84
4.92
5.8
1.98
5.16
5.56
4.98
6
5.02
5.5
5.58
4.96
5.26
6.16
5.8
5.88
5.12
5.36
5.84
5.14
5.6
6.68
4.36
5.64
4.5
5.9
5.28
5.34
5.82
6.14
5.58
5.62
5.06
5.2
7.82
5.86
5.08
5.16
5.18
5.34
5.78
4.94
5.76
7.04
3.62
5.44
5.44
3.82
4.3
4.38
5.62
5.28
6.36
4.68
6.06
4.98
5.44
5.4
5.16
5.2
5.76
5.04
4.7
4.04
5.1
5.82
4.06
4.96
5.14
5.16
4.12
5.04
5.96
5.08
5.38
5.8
5.14
5.4
5.1
6.6
5.2
4.94
5.24
4.64
4.78
4.92
5.64
5.74
5.46
4.98
5.3
5.34
5.4
4.98
6.74
4.84
3.18
5.22
3.92
5.14
5.46
5.74
5.02
5.52
5.38
5.38
5.84
5.52
5.58
5.64
5.5
5.88
5.22
5.54
5.32
5.12
5.62
5.56
2.82
4.02
5.1
5.34
5.5
5.28
4.98
3.42
5.5
3.88
4.96
5.64
5.46
5.32
5.12
5.94
4.98
5.58
5.2
4.86
5.74
5.38
5.06
5.36
5.16
5.04
5.78
3.48
4.76
5.92
5.08
5.02
3.36
5.54
5.26
5.48
4.98
5.48
6.36
5.24
5
5.88
5.64
4.84
4.88
4.48
5.8
6.36
6.74
5.98
5.66
5.44
6.2
5.56
4.92
5.48
4.82
5.82
5.66
5.26
6.14
5.4
5.24
5.28
5.36
4.8
5.66
5.84
5.12
5.42
5.48
5.82
5.24
6.18
4.38
5.5
5.14
2.46
7.16
6.58
5
2.34
5.08
4.98
5.02
6.46
6.08
5.38
5.12
5.22
5.6
5.3
5.18
5.38
5.46
6.58
5.22
7.06
5.94
5.6
6.22
5.56
6.04
6.58
5.58
4.84
5.86
3.02
5.58
5.04
5.54
5.38
6.1
5.18
5.22
5.12
5.28
4.7
4.4
5.48
5.42
5.56
4.78
5.78
5.74
2.86
5.6
5.48
6.42
3.98
5.12
3.8
2.58
6.02
7.34
5.8
5.36
5.8
6.26
5.06
5.3
1.86
5.84
5.12
4.18
4.12
5.26
5.4
2.06
5.3
4.94
5.88
5.16
6.02
5.3
5.64
4.7
4.18
5.22
4.06
5.78
5.22
4.42
5.62
4.48
5.36
6.38
4.4
5.24
6.5
5.84
5.12
5.26
5.16
5.68
6.1
5.44
5.14
4.98
5.66
5.1
5.58
5.5
5.06
4.82
5.6
4.94
5.78
4.7
2.74
6.1
5.42
5.24
2.86
5.14
4.38
7.84
4.86
6.68
5.26
5.38
5.22
6.5
7.34
5.34
5.38
5.32
5.34
6.62
5.22
8.1
5.42
4.94
6.52
5
4.74
5.02
6.52
6.18
6.02
5.2
4.62
5.72
4.82
5.24
4.08
4.26
5.4
4.54
5
5.44
5.52
6.1
4.72
5.34
5.52
6.94
5.7
5.2
5.42
5.22
5.48
3.32
6.36
5.48
5.88
6.28
3.04
5.16
5.44
5.36
4.74
5.7
5.32
5.22
5.46
5.52
5.08
5.8
5.4
6.34
6.42
5.96
5.56
4.86
5.46
5.74
5.46
3.86
5.92
5.9
5.18
5.28
4.24
5.56
5.18
6.62
5.74
5.4
6.68
4.76
5.48
3.64
5.42
2.52
6.36
6.18
4.84
4.26
6.3
5.18
6.1
6.66
4.84
6.06
5.02
5.48
5.22
5.94
4.8
5.6
6.12
5.28
2.08
5.16
5.4
6.1
4.86
5.42
5.22
5.78
5.48
5.6
5.3
6.08
5.64
5.42
6.18
4.72
5.58
5.28
4.84
6.22
5.86
5.56
5.32
5.76
5.5
5.82
5.36
4.88
4.82
5.24
5.12
5.24
5.66
6.02
6.32
3.14
5.82
2.9
5.36
4.54
5.24
5.18
5.66
6
5.36
6.96
6.06
5.98
5.12
5.98
5.88
7.32
5.7
5.78
5.3
5.16
6.56
5.86
4.38
7.56
5.22
4.96
4.96
6.18
5.36
4.84
5.64
6.8
5.54
3.44
3.12
4.72
4.76
5.62
5.24
6.42
3.46
5.16
5.3
5.22
5.22
5.64
6.86
3.96
5.62
6.68
5.7
5.14
6.08
5.2
3.46
6.6
5.72
5.52
4.66
5.5
4.72
5.46
5.72
5.44
5.26
4.94
5.6
4.96
5.6
4.28
3.66
5.58
4.68
5.7
5.22
5.12
5.3
3.88
5.36
5.46
5.86
5.4
5.5
7.08
5.96
7.4
4.82
5.7
5.6
4.1
6
6.76
5.38
5.28
6.32
4.62
4.96
5.04
5.6
6.14
4.96
3.36
4.84
5.44
5.44
6.6
5.32
5.14
5.58
5.08
5.34
4.96
5.14
5.32
5.22
5.42
5.72
5.28
5.08
5.2
3.98
5.12
5.44
5.72
6.6
3.16
6.4
2.94
4.8
5.04
4
6.8
5.48
5.94
4.52
5.2
6.08
5.54
5.54
5.46
3.42
4.9
5.58
5.94
3.02
6.8
4.84
5.6
5.06
6.14
5.02
4.94
5.9
4.58
3.98
4.98
5.66
6.52
5.28
6.74
5.32
5.76
6.76
5.8
5.4
2.82
3.16
5.5
5.92
6.86
6.08
5.72
3.18
5.14
5.66
4.94
6.14
5
5.1
5.58
5.02
4.82
7.02
5.14
6.14
5.7
5.68
4.96
5.32
6.08
5.74
5.32
4.82
5.38
5.36
5
5.58
5.46
4.2
4.56
5.46
5.34
5.76
6.28
5.82
6.12
5.2
4.94
5.34
4.9
4.18
5.24
5.18
5.9
7
5.3
5.04
1.8
5.58
6.1
5.74
4.94
5.86
3.08
6.28
5.14
5.8
5.2
6.38
7.56
5.28
4.98
5.52
5.32
4.82
5.98
4.12
4.76
5.62
5.42
4.72
6.16
5.1
6.32
6.3
5.64
5.14
5.06
6.42
4.66
5.72
5.78
5.18
5.2
7.76
5.96
5.96
4.98
5.12
6.64
5.4
5.6
4.68
5.38
5.82
5.24
5.16
5.58
6.58
5.34
6.04
4.9
5.16
5.22
5.64
5.42
5.76
5.58
4.86
5.7
4.92
4.78
5.24
5.5
5.04
6.4
4.86
4.8
5.28
6.42
5.04
5.54
5.6
6.06
5.64
5.2
6.02
5.94
5
5.68
5.48
5.06
5.46
5.64
5.66
5.48
5.44
5.64
4.92
5.38
4.9
6.4
4.98
5.62
5.54
5.02
4.11764705882353
6.22
6.4
5.36
5.04
5.56
5.44
5.92
5.6
5.34
5.82
4.74
5.26
1.36
7.28
4.9
5.56
5
5.88
6.1
5.24
5.46
5.54
5.8
5.66
5.14
5.68
5.68
4.86
5.5
5.28
5.06
5.46
4.52
6.76
5.64
6.04
4.8
5.84
5.62
5.88
5.68
4.2
5.24
6.34
6.3
5.44
5.96
5.58
6.46
5.6
5.42
1.72
5.54
5.6
5.66
5.04
5.16
5.08
3.58
4.1
5.54
5.26
5.54
5.86
6
6.1
5.28
5.24
6.46
4.28
6.1
5.14
4.58
2.76
5.82
5.14
5.28
5.66
5.44
5.78
4.74
5
5.62
5.6
4.9
1.96
8.08
5.24
5.32
5.1
5.2
5.2
4.5
5.94
5.54
5.4
5.2
5.52
4.6
5.62
5.22
5.52
2.14
4.82
7.72
5.64
2.72
5.98
5.4
3.2
7.54
3.94
5.64
5.28
6.06
3.84
5.7
6.24
5.28
5.94
5.72
5.34
5.54
8.04
5.36
5.22
4.88
5.56
5.44
5.4
5.1
4.36
6.08
4.58
5.4
4.04
5.28
5.52
5.5
5.16
5.04
5.82
5.8
4
4.2
7.26
3.44
5.48
5.78
4.4
4.92
5.4
4.92
5.64
5.62
4.28
4.84
5.64
3.08
4.72
5.54901960784314
5.58
5.22
5.44
5
4.7
4.42
5.78
5.44
5.06
6.2
5.46
4.04
5.34
5.4
5.42
5.2
5.54
5.76
7.12
5.6
5.04
5.32
6.02
3.12
5.5
6.3
5.18
5.06
5.88
6.26
7.6
4.96
6.02
6.02
5.1
4.58
5.16
4.94
5.12
5.18
5.78
5.58
5.82
7.22
6.56
5.34
4.2
5
5.28
5.38
5.42
5.86
5.7
7.48
5.12
5.6
5.2
6.62
5.64
5.08
6.74
5.54
5
5.26
3.34
7.2
5.12
4.5
4.92
4.14
5.1
5.22
5.8
5.34
6.08
4.88
4.42
6.24
4.78
5.9
5.28
5.36
4.98
5.38
4.24
7.5
5.5
2
4.96
5.52
6
5.36
5.62
5.22
5.6
5.82
2.5
5.3
5.74
4.38
5.5
5.96
5.52
5.4
4.52
5.24
5.28
4.96
4.72
5.58
5.2
5.78
4.24
4.56
5.34
6.2
5.38
4.54
5.5
5.6
6.88
4.24
7.06
4.12
5.38
5.36
2.64
7.86
4.96
5.54
5.12
6.94
5.24
5.84
5.78
5.94
5.28
4.64
5.22
5.28
4.96
5.38
5.84
5
5.32
4.42
4.98
6.68
6.32
5.78
5.56
4.92
6.16
4.74
5.56
5.66
5.44
4.82
2.94
5.34
5.62
6.68
5.74
5.2
5.24
5.64
6.04
6.06
6.34
5.02
6
5.48
4.7
5.1
5.38
4.54
4.82
5.38
5.22
5.78
5.36
6.26
4.64
5.78
6.32
5.54
5.28
5.54
5.92
5.18
1.64
4
5.6
3.08
4.68
5.56
5.9
5.28
5.44
4.54
5.46
5.1
3.92
4.48
1.98
5.48
5.18
5.58
6.46
5.2
4.6
4.74
5.54
4.54
6.44
5.08
5.62
5.32
5.84
6.62
5.68
4.96
5.58
5.72
5.18
5.16
2.68
4.48
4.76
5.18
5.22
5.7
4.42
5.02
5.36
5.78
5
7.28
5.86
5.66
5.46
4.7
6.36
5.94
5.72
6.54
5.58
5.42
5.22
5.7
5.84
5.12
5.38
5.1
5.84
5.54
5.92
4.28
4.24
6.2
4.94
5.2
5.12
5.1
4.96
7.3
5.12
5.62
6.16
5.64
5.18
4.52
5.38
5.74
4.98
5.34
4.86
4.88
6.14
7.42
4.98
6.7
5.68
6.14
5.42
5.16
5.42
5.16
5.58
4.96
4.68
5.84
6.56
5.8
4.86
5.38
2.44
5.08
5
6.58
6.04
5.6
5.22
4.12
6.02
5.14
5.22
5.12
4.46
4.54
6.1
4.2
5.34
5.6
5.94
5.6
5.44
5.56
6.36
5
5.7
5.22
5.36
5.5
5.6
3.28
5.52
5.72
5.72
6.04
4.92
5.04
4.9
3.62
5.08
2.28
5.32
5.34
5.42
5.06
6.3
6.36
5.48
5.26
6.3
4.94
4.92
5.6
6.06
5.5
5.86
5.14
5.64
4.76
5.3
6.04
5.6
5.52
4.76
3.28
5.28
5.24
5.48
5.6
5.2
6.22
5.8
5.14
5.52
5.54
5.04
6.68
5.06
7.7
5.04
5.94
6.52
5.96
3.98
5.06
6.34
4.96
7.38
5.46
4.78
6.54
5.62
4.36
6.48
5.5
6.68
5.94
2.96
4
4.48
5.48
5.14
5.8
5.72
5.56
5.18
3.6
5.56
7.38
6.22
4.02
5.2
7.2
5.4
6.46
6.06
5.88
3.54
3.86
5
5.46
5.86
5.96
5.74
5.84
5.84
5.3
5.18
6.86
5.3
6.02
5.64
5.72
4.34
5.58
6.74
5.7
5.82
5.92
5.26
5.16
5.58
5.54
4.9
5.62
3.7
6.18
5.28
3.54
5.48
5.26
4.1
3.44
6.04
5.36
6.02
5.9
6.46
5.28
5.92
5.5
4.92
5.68
5.22
5.62
6.08
5.44
4.4
4.48
5.18
5.38
5.64
5.74
5.14
5.18
5.54
5.1
4.06
6.28
5.14
2.02
4.6
4.68
6
6
5.66
5.62
6.28
5.36
5.4
5.4
5.3
4.8
5.58
5.9
5.02
5.24
5.42
5.46
6.28
5.66
5.84
5.04
5.04
5.56
5.52
4.9
5.74
5.94
5.94
5.22
5.56
5.06
3
4.92
5.4
5.3
5.62
5.22
5.16
6.68
4.92
4.64
5.3
5.34
6.06
5.5
5.14
5.5
4.08
5.08
5.14
5.22
4.94
5.6
4.26
5.66
4.22
3.34
6.38
5.14
5.44
5.88
5.14
5.32
4.14
5.24
4.98
5.3
5.38
5.54
4.82
5.38
5.44
4.98
5.46
5.32
4.32
7.18
7.22
5.1
3.98
4.54
7.56
6.92
5.4
5.92
5.26
5.24
5.54
5.04
5.26
6.14
5.72
3.16
5.48
5.22
5.06
6.06
4.96
5.92
4.2
5.14
5.08
5.12
5
5.54
5.66
5.12
5.44
5.3
5.22
5.1
5.28
5.9
5.22
6.82
5.18
5.54
5.68
4.6
5.08
5.56
5.74
5.2
7.34
4.88
5.24
5.36
5.84
2.9
6.08
5.28
5.46
7.4
5.64
4.8
5.88
3.86
4.62
2.92
5.34
5.3
5.2
5.84
6.38
4.56
6.16
5.2
5.06
5.14
6.56
5.3
5.04
5.5
5.52
5.88
5.56
5.26
7.6
5.28
6.44
5.9
6.88
4.98
5.04
5.14
5.4
5.18
5.62
5.16
4.96
5.1
5.38
4.98
5.7
5
5.72
5.38
2.66
4.92
6.1
4.14
4.94
5.16
6.82
5.32
5.02
6.1
5.72
7.34
5.48
5.5
1.64
6.78
5.46
5.76
5.92
4.14
5.76
5.42
4.74
5.1
5.12
6.18
5.7
5.12
4.66
5.46
5.34
5.36
2.72
5.58
5.74
5.64
5.56
5.7
6.02
5.16
6.04
4.02
1.66
5.56
5.24
4.38
5.5
4.44
5.42
5
5
5.18
5.84
5.72
5.38
5.1
5.24
4.86
5.92
4.84
5.7
3.24
5.04
6.1
5.38
5.42
4.88
5.44
4.3
5.16
5.2
6.08
6.66
7.94
5.14
6.08
5.36
5.34
5.44
5.7
5.16
5.04
6.12
4.98
4.98
7.3
4.94
5.98
4.9
5.56
4.54
5
5.56
3.94
6.26
5.14
5.62
5.6
5.24
5.38
6.14
5.86
2.28
4.94
5.34
4.54
5.38
5.56
6
5.22
5.04
5.6
5.68
5.66
4.96
3.8
2.7
4.18
6.66
5.76
1.96
5.36
4.98
5.16
5.44
4.96
6.48
1.62
5.16
6.92
5.4
4.94
5.38
6.18
5.08
6.1
5.28
5.72
4.96
6.3
5
4.26
5.78
5.96
5.7
6.32
3.24
5.28
5.36
5
5.34
5.34
7.46
5.42
5.88
4.6
5.16
5.48
6.44
4.56
4.54
5.08
6.6
6.56
6.56
5.52
5.48
5.88
4.82
5.94
4.92
4.98
5.74
5.22
4.44
5.38
5.48
4.08
6.04
4.94
5.58
5.58
5.04
5.2
5.86
6.78
4.72
5.48
6.04
6.36
5.04
5.34
5.16
5.44
5.84
3.86
5.34
4.62
5.56
5.1
4.08
6.48
3.28
5.32
5.02
5.1
5.92
5.32
5.82
4.64
6.48
5.62
5.1
5.46
5.9
5.42
5.58
4.18
5.14
4.82
5.6
5.82
5.34
5.08
5.62
4.82
5.54
3.56
5.42
5.54
5.22
5.34
5.8
5.18
2.82
5.76
5.02
5.64
5.94
3.16
2.12
5.48
4.64
3.9
4.88
4.82
4.2
6.58
5.7
4.82
6.02
3.76
6.12
5.7
5.12
5.64
5.52
6.74
5.18
5.94
5.98
5.34
6.4
5.74
5.96
7.7
5.84
5.7
6.78
5.14
4.88
4.36
5.34
3.56
5
4.36
4.76
6.48
4.62
5.8
6.12
5.24
5.12
4.56
4.9
4.98
5.74
5.54
2.88
2.58
6.66
6.14
2.6
5.08
4.82
5.36
6.18
5.34
6.06
5.08
5.8
3.06
5.8
5.14
5.86
5.66
5.06
5.44
5.42
5.84
6.16
5.7
5.84
5.58
4.24
5.42
5.48
6.08
5.7
5.64
5.94
7.1
5.52
5.9
5.4
4.68
6.8
3.9
3.76
6.42
5.12
7.58
5.18
5.62
5.28
4.66
6.42
1.9
5.66
5.06
5.5
4.68
5.52
5.48
2.98
4.9
5.1
5.52
4.52
5.78
6.04
5
5.46
5.46
4.94
5.24
6.08
5.2
4.48
7.64
5.08
3.8
4.2
4.94
5.76
6.24
5.58
5.48
5.86
4.38
6.72
4.98
5.42
4.96
5.68
5.54
6.18
4.28
5.84
6.22
6.66
5.04
5.16
5.94
4.94
5.74
5.26
4.8
5.66
5
5.38
5.2
5.24
5.3
5.64
5.72
5.76
4.82
5.52
5.22
6
7.1
5.52
4.94
5.14
5.88
5.5
5.72
5.06
4.74
4.98
5.14
5.58
6.3
5.76
5.54
5.44
5.24
5.66
5.9
5.7
7.66
4.08
6.48
5.24
2.48
6.42
5.46
5.24
6.5
5.68
3.28
5.28
2.96
5.1
5.7
5.98
5.1
5.36
5.04
5.04
7.66
5.46
1.68
3.62
4.82
5.68
5.48
5.68
6.34
4.72
4.26
4.94
8.1
5.64
5.66
4.98
5.62
6.6
5.42
5.04
6.44
4.04
4.54
6.82
5.28
5.62
6.04
5.18
5.22
5.3
5.74
7.4
5.06
5.52
5.1
5.84
6.14
6.6
5.4
4.1
5.64
5.34
5.42
5.38
5.62
4.28
4.78
5.28
5.42
5.26
5.28
5.2
6.06
5.28
5.88
5.28
5.4
5.22
5.7
6.54
5.74
5.6
5.38
6.32
5.2
5.2
5.7
5.7
6.7
6.24
5.4
7.02
5.68
5.24
6.58
5.3
6.68
5.54
5.96
3.7
5.12
7.6
4.66
5.08
2.78
5.42
5.34
5.82
4.98
6.36
3.76
5.24
5.92
5.12
5.62
5.56
5.7
5.66
4.96
6.02
5.38
5.5
5.36
4.6
6.34
5.46
5.68
2
5.46
5.08
6.28
7.58
5.64
6.38
5.46
5.5
5.16
5.72
1.6
5.22
6.32
6.38
5.74
5.76
5.4
5.04
4.86
5.74
5.24
4.88
4.68
2.64
5.06
5.38
2.74
5.14
4.28
5.02
5.72
5.04
5.06
6.44
5.34
5.18
5.02
5.6
5.38
5.88
3.44
5.38
3.5
2.92
6.4
4.48
5.26
6
6.42
5.88
3.4
5.04
5.28
4.92
5.48
5.68
3.12
6.16
5.3
5.88
5.56
5.14
3.78
5.46
5.42
3.56
5.58
4.28
3.74
4.72
5.28
5.24
4.9
5.32
5.32
5.24
6.04
7.6
5.26
5.42
4.82
6.54
5.16
6.34
5.88
5.1
5.34
5.32
4.88
5.52
7.1
6.06
4.92
5.42
4.66
6.14
5.22
5.62
3.32
6.54
6.98
4.94
4.4
5.58
2.44
5.1
6.82
5.34
5.76
5.54
6.06
5.6
5.46
6.28
5.62
5.64
4.88
5.58
5.58
7.7
5.94
5.26
1.9
5.62
5.1
4.96
5.24
5.58
5.16
5.56
4.22
5.12
6.08
5.48
4.52
5.64
5.28
4.94
4.98
5.06
5.04
2.76
5.54
5.84
6.04
5.98
7.44
5.34
6.2
5.52
5.4
5.58
5.4
5.16
5.72
5.42
6.94
5.46
5.54
4.76
5.18
5.46
5.02
7.24
5.46
4.84
5.6
5.22
5.52
6.58
5.78
6.48
5
2.74
5.8
5.6
4.44
6.64
3.92
4.38
6
6.44
5.3
5.1
5.58
6.14
5.3
5.24
6.1
4.38
5.42
5.02
5.74
6.18
5.08
5.36
5.62
6.6
5.6
5.32
2.96
5.56
2.66
5.04
6.38
5.56
6.52
6.04
4.94
5.7
5.54
6.78
5.54
4.84
6.6
6
5.02
4.88
4.64
4.76
5.2
5.26
5.2
5.18
6.26
5.3
5.7
4.66
5.32
5.12
5.86
4.92
5.5
6.48
5.4
5.14
5.86
3.8
8.22
7.18
4.64
5.66
4.06
5.44
4.52
5.44
3.12
2.94
4.26
4.98
6.42
3.56
6.76
4.66
6.4
5.56
5.28
5.14
5.68
6.22
2
7.64
7.58
5.34
5.38
4.64
6.3
5.38
4.94
5.26
3.48
5.98
5.84
4.42
5.4
5.14
5.1
5.98
5.94
5.3
6.1
5.28
5.08
5.72
4.88
5.52
5.48
5.76
5.28
5.68
5.52
5.86
5.54
5.4
5.08
5.08
4.66
7.06
6.34
3.48
5.6
3.08
5.42
5.42
5.34
5.86
4.92
5.42
5.36
5.84
6.56
5.14
4.34
6.06
5.46
5.9
6.5
6.42
6.7
4.92
4.98
5.22
5.56
5.66
6.04
5.74
5.68
7.18
5.22
5.14
5.4
5.74
5.56
5.26
6.06
5.82
4.64
5.46
6.4
5.48
5
6.2
6.7
5.44
5.7
5.92
5.38
5.36
5.84
7.06
6.12
5.28
5.48
4.78
6.72
3.72
5.4
5.3
5.18
4.94
5.88
5.66
5.7
5.66
5.18
5.3
6.16
5.3
1.92
5.28
7.08
5.56
6
5.96
5.52
5.28
5.62
6.2
5.72
4.38
5.86
5.62
5.4
3.92
5.12
3.36
5.5
5.72
5.62
6.16
5.24
5.44
2.16
5.54
5.14
5.3
4.82
5.96
4.7
7.02
4.76
5.28
6.9
5.48
7.26
5.52
5.84
5.36
3.84
4.44
2.96
5.06
3.26
6.48
5.12
5.04
2.76
4.38
4.58
5.4
3.9
4.54
4.62
5.98
4.96
6.18
5.4
5.14
3.16
5.62
5.44
5.52
5
6.24
5.54
5.02
5.1
5.88
5.1
5.4
5.2
4.44
5.26
5.88
5.92
4.58
4.98
5.14
6.62
5.5
5.42
6.28
5.62
5.46
3.94
5.5
5.32
4.08
5.66
5.7
6.62
6.16
6.02
5.08
5.32
5.52
6.2
5.84
6.58
6.08
5.66
5.06
5.22
5.6
5.02
1.8
5.2
5.76
5.56
5.16
5.26
7.34
6.1
6.46
5.3
5.44
5.76
5.96
5.98
5.16
5
3.94
5.08
5.18
5.8
3.78
5.54
6.92
5.52
4.94
5.2
5.76
4.76
4.46
5.24
4.44
5.6
5.14
5.34
7.12
6.2
5.26
6
5.92
4.9
5.94
6.02
5.74
5.58
6.46
5.9
5.26
4.98
6.7
5.08
5.54
5.66
6.28
5.62
5.14
2.5
5.24
5.46
5.52
5.82
4.74
4.98
5.56
5.38
4.82
6.3
5.16
3.58
4.44
4.14
4.84
5.3
5.28
6.12
5.32
5.26
5.52
5.38
5.92
5.64
5.94
6.08
5.64
5.86
5.12
5.56
5.62
5.38
5.98
5.12
5.8
5.74
5.3
6.3
5.26
5.56
7.2
6.18
6.7
5.86
5.06
5.46
5.98
3.66
6.08
2.22
4.54
3.06
5.76
5.06
5.5
6.62
5.14
5.42
5.36
4.82
5.26
3.74
5.78
5.12
5.2
5.26
4.88
5.8
5.6
5.24
5.66
5.8
5.72
5.6
5.52
5.22
5.6
5.46
3.06
6.64
6.28
5.88
5.24
2.52
5.28
6.24
5.12
6.58
5.12
5.64
6.1
4.3
5.88
6.26
6.08
6.14
6.4
5.06
5.3921568627451
4.94
5.18
5.2
5.32
5.44
2.6
5.38
5
1.92
6.46
5.52
5.36
4.94
6.3
3.16
6.22
3.1
6.18
5.14
5.64
6.18
6.02
5.42
4.2
5.12
5.96
4.16
6.14
6.86
4.58
5.92
6.16
5.52
6.94
5.14
4.56
4.16
5.76
5.06
5.3
5.48
5.48
5.84
1.92
5.34
7.36
6.36
4.88
4.82
5.22
3.34
5.34
5.18
5.96
6.24
4.26
3.26
5.14
5
5.24
5.1
4.92
4.36
6.38
5.56
4.84
5.58
4.9
4.52
4.08
5.32
6.26
5.16
6.02
5.6
5.82
4.52
5.88
5.32
4.66
5.16
6.06
6.7
5.78
6.48
5.26
5.82
4.98
5.64
4.56
5.92
6.22
5.54
5.14
5.64
5.22
5
5.44
5.8
5.66
4.94
5.08
5.54
5.34
4.8
5.08
4.94
4.76
4.92
4.36
5.42
5.64
5.36
5.68
5.46
4.44
7.42
5.7
5.24
5.34
5.4
5.38
5.44
5.44
5.02
5.3
7.32
5.66
4.78
5.12
5.84
5.12
6.04
5.92
5.82
5.78
2.4
4.86
5.1
5.82
6.92
6.08
3.9
5.3
7.5
5.26
5.66
5.42
5.52
5.46
7
5.34
5.4
4.88
4.04
5.58
5.2
4.78
5.5
5.64
6.22
4
5.16
6.08
5.1
5.7
5.12
5.06
6.72
4.06
4.94
5.42
4.6
5.28
5.26
7.28
6.3
5.24
5.7
5.96
3.66
5.56
6.74
5.22
4.88
6.58
5.4
5.22
4.42
5.38
5.42
6.8
6.48
5.28
5.44
5.38
5.5
6.36
5.76
5.26
5.12
6.04
5.26
5.52
3.98
5.5
5.04
5.58
5.46
5.46
6.54
3.52
4.82
5.12
5.4
5.1
4.9
4.92
6.34
5.3
6.36
5.26
5.06
4.8
5.76
5.56
6.1
4.92
6.16
3.36
3.88
5.72
5.46
5.54
5.18
5.1
5.26
5.6
5.1
4.9
5.2
5.14
4.92
6.1
5.24
6.36
5.52
6.62
6.12
6.48
3.24
5.56
5.28
5.2
6.88
3.08
5.24
5.36
5.22
4.54
5.38
6.98
5.06
6.18
5.44
4.38
5.32
5.38
5.64
5.16
5.7
2.08
5.34
5.54
5.06
5.1
6.06
5.48
5.68
4.98
5.48
5.54
5.9
5.08
6.46
5.74
5.26
5.54
5.74
5.64
4.8
5.96
5.54
5.48
5.1
5.3
4.76
3.74
6.16
5.98
4.12
5.54
5.3
1.72
5.32
5.98
7.44
5.24
5.48
5.86
5.82
5.76
7.88
4.3
5.37254901960784
4.18
5.8
5.24
5.04
5.66
5.18
6.06
5.66
5.66
6.14
4.28
2.38
3.38
5.74
5.7
5.88
3.72
5.74
5.32
4.46
5.38
5.96
5.34
6.62
5.32
5.06
5.2
5.8
5.6
5.54
3.58
5.96
6.44
5.16
5.24
5.5
2.52
3.28
5.3
4.88
5.12
6.06
7.92
4.92
5
5.02
5.3
5
5.76
4.82
5.14
5.78
5.02
3.3
6.18
5.4
5.58
3.68
6.36
7.44
6.82
5.16
6.12
5.42
5.02
6.8
5.96
6.22
4.8
5.86
5.68
5.84
7.16
5.34
5.48
5.64
5.8
6.52
6.26
6.7
6.26
6.42
5.2
5.82
4.7
5.1
6.02
5.3
6.18
6.04
5
4.82
2.86
4.96
5.46
7.8
4.52
6.16
5.8
5.48
5.2
5.38
5.08
7.76
5.5
6.5
5.84
6.24
5.16
7.5
5.56
5.68
5.3
5.7
3.34
5.18
5.24
5.16
5.32
5.1
6.2
6.34
6.66
5.48
2.3
5.44
5.1
5.16
5.08
5.16
5.6
4.7
5.6
5.42
5.34
5.8
6.12
6.14
6.44
7
5.26
6.24
5.44
5.42
6.74
5.68
6.06
5.12
4.6
5.58
6.32
6.98
5.74
6.66
5.38
3.9
5.5
5.24
5.24
5.56
5.58
5.38
5.88
5.9
5.18
5.04
5.94
5.06
4.04
5.7
5.86
5.08
5.4
5.72
5.42
5.3
5.18
5.42
5.22
5.72
5.6
5.46
6.26
5.4
5.02
5.54
5.82
6.08
5.48
5.4
5.78
6
7.16
5.1
5.7
5.62
3.44
5.82
5.52
5.52
6.9
5.78
5.14
5.5
5.14
5.74
5.32
4.86
5.64
5.68
5.54
3.8
5.7
5.46
6.08
5.3
6.2
5.64
4.18
5.14
5.2
5.06
5.54
7.42
5.76
5.06
6.2
5.14
5.64
6.2
5.48
5.6
5.68
6.7
5.34
5.18
5.6
4.84
5.16
4.78
6.04
4.52
5.6
4.04
6.62
5.72
4.28
5
5.82
6.1
5.14
6.2
5.08
4.78
5.68
4.24
5.06
5.34
5.36
5.18
6.46
5.1
6.12
5.68
5.24
5.82
4.86
5.42
5.44
4.9
5.1
5.92
5.38
5.82
5.14
5.46
4.78
6.88
5.18
5.22
6.08
5.62
5.22
3.74
5.2
6.02
5.52
5.44
5.52
6.56
5.86
6.16
5.24
5.96
7.08
5.14
7.38
6.78
5.6
5.94
5.84
5.6
4.98
6.32
5.22
4.54
5.7
6.24
3.32
5.3
5.78
5.58
4.72
5.6
3.56
5.22
2
5.5
7.76
3.14
5.94
7.36
6.04
5.02
5.7
5.32
5.24
4.94
4.64
5.48
5.28
5.06
4.56
5.06
6.38
5.84
5.12
5.1
5.04
6.14
2.62
5.42
2.18
6.04
5.3
5
5.06
6.32
2.42
5.58
4.9
5.04
5.96
6.16
5.72
5.18
5.18
5.14
5.38
5.86
7.72
6.46
5.32
5.18
5.88
5.58
5.22
5.4
4.66
5.4
5.12
5.68
4.84
5.02
5.26
4.34
5.24
3.04
5.76
4.76
5.62
5.4
5.14
5.2
5.3
5.34
5.62
5.32
6.16
6.06
5.02
5.86
4.04
5.2
5.44
4.5
5.04
6.18
5.36
6.62
5.58
5.68
4.74
2.76
5.7
5.1
5
3.96
4.96
4.88
4.86
5.3
5.72
5.22
5.32
6.36
5.58
6.38
5.84
5.46
4.94
5.98
5.76
6.9
6
6.04
4.98
5.56
5.74
5.88
5.82
5.5
6.78
5.6
5.82
6.2
5.34
5.06
5.48
1.66
5.26
5.46
6.44
5.2
5.64
2.88
7.06
4.68
5.04
4.3
3.06
5.24
5.3
4.62
5.2
5.24
4.82
5.1
4.32
5.46
4.94
5.86
5.36
3.32
5.4
5.26
5.22
6.02
5.08
6.44
6.2
5.22
4.84
5.26
6.3
6.12
6.92
5.1
6.44
6.88
3.86
6.58
5.26
5.68
4.98
4.66
5.32
4.24
4.98
5.3
5.46
3.52
5.54
5.72
5.38
5.34
4.58
5.6
5.34
5.02
6.58
6.4
5.4
5.16
6.06
4.66
5.26
5.88
5.08
6.32
5.36
5.14
5.14
5.64
5.66
6.14
5.16
2.12
4.7
6.18
3.58
5.3
5.52
5.28
5.48
5.04
6.62
4.1
5.02
5.34
4.98
6
5.38
5.4
5.3
6.2
4.78
5.78
6.18
5.18
5.88
4.98
4.92
4.22
5.24
4.84
4.82
5.74
4.74
5.2
5.44
5.28
5.36
5.28
2.56
4.72
5.18
5.02
4.88
6.22
4.44
5.84
2.02
6.2
6.04
5.36
6.76
6.34
7.28
5
5.52
5.34
2.82
5.72
4.24
3.38
5.66
6.02
5.72
5.28
4.82
4.98
4.9
5.66
6.1
4.96
5.78
5.62
4.88
7.28
5.02
5.28
7.34
4.18
5.34
7.88
5.26
4.2
5.52
5.22
7.44
5.84
4.56
4.54
2.16
4.68
7
4.8
5.92
5.04
4.24
5.72
6.06
4.94
4.9
4.64
5.1
5.2
5.56
5.08
5.36
5.42
5.02
5.22
5.78
5.24
5.68
4.62
5.78
5.34
5.68
5.38
5.18
6.08
4.86
3.5
5.92
5.44
5.3
5.14
5.12
5.36
5.92
5.46
5.08
5.38
6.38
4.94
5.24
5.5
6.56
5.16
6.26
5.58
4.66
5.42
6
5.72
4.12
5.86
5.44
4.76
6.64
5.22
5.4
4.68
5.62
5.06
4.8
6.24
6.12
4.72
2.8
2.72
4.06
5.1
5.08
4.44
5.72
6.62
5.36
4.1
4.3
5.12
5.04
5.16
5.72
6.08
5.28
7.06
3.4
5.12
5.4
5.26
5.38
5
5.8
5.68
5.58
5.68
7.38
6.28
5.52
5.3
5.2
5.02
7.48
5.5
5.44
4.4
5.92
5.66
5.62
6.06
5.24
5.22
5.18
5.58
3.3
5.2
4.96
4.12
5.4
7.5
6
5.44
5.08
5.5
5.32
5.22
5.04
5.04
5.48
4.74
3.9
5.62
5.07843137254902
5.06
5.96
5.04
4.84
5.46
4.9
3.06
4.76
7.4
6.62
5.1
6.78
4.08
5.7
5.46
5.84
6.04
5.52
5.26
5.84
6.24
7.24
6.32
5.12
5.34
4.04
4.98
4.36
5.02
5.18
5.4
5.12
5.7
5.28
5.4
5.14
5.46
5.32
5.94
5.38
5.28
7.8
6.6
5.94
5.2
6.2
7.08
5.76
6.24
2.76
4.58
5.8
5.52
6.7
5.1
5.26
2.98
7.56
5.14
5.08
5.72
4.98
5.5
4.84
5.8
5.26
5.54
5.58
3.66
5.56
5.4
3.6
5.3
5.58
5.72
5.2
5.42
5.18
5.74
4.36
5.24
4.82
5.24
5.36
4.88
5.66
5.32
5.92
5.68
5.88
4.82
6.64
6.08
4.72
5.12
5.92
5.12
5.38
5.62
3.14
5.24
5.04
2.94
5.56
5.3
5.48
5.4
5.3
5.4
6.4
5.78
5.28
5.54
5.02
6.78
5.32
5.46
5.3
5.36
5.32
5.48
6.36
4.72
5.68
5.26
4.96
5.66
4.84
5.62
5.28
5.3
4.9
5.54
5.12
5.1
5.48
5.24
5.34
5.4
6.62
4.36
7.02
5.2
3.66
5.7
5.16
5.58
5.58
5.22
6.06
5.1
4.16
4.98
5.38
5.1
5.74
5.4
4.96
7.8
4.78
5.14
6.18
5.06
4.6
4.3
3.72
5.22
5.12
5.18
5.02
5.28
5.04
5.52
3.34
5.12
5.96
6.54
6.42
5.56
5.26
5.66
6.64
4.82
6.12
5.86
5.26
4.92
5.32
5.18
5.84
3.8
5.66
5.16
5.62
1.9
5.04
6.3
5.52
6.12
5.3
5.12
5.76
4.4
5.64
5.24
6.2
4.7
6.02
5.64
7
6.72
4.74
5.6
5.36
5.52
5.44
5.48
4.98
5.12
6.92
5.72
5.98
5.56
4.34
5.2
2.66
5.4
4.92
4.22
5.2
5.46
5.34
5.12
4.94
5.78
5.82
5.26
5.58
5.14
6.1
5.44
3.1
5.3
5.66
5.58
5.44
5.44
5.74
5.02
6.98
5.28
5.78
5.56
5.88
5.76
4.78
4.8
4.76
5.72
5.46
5.22
5.5
5.54
5.8
4.3
6
6
2.74
5.52
6.76
5.16
5.4
5.78
6.42
5.38
5.42
6.26
5.2
5.34
4.72
5.76
5.76
8.16
5.26
5.24
5.12
4.3
5.5
5.1
5.66
3.4
5.22
5.32
5.6
5.48
5.82
5.28
5.4
5.04
5.44
5.02
6.06
5.52
5.24
6.18
4.3
7.56
5.56
4.66
6.2
5.34
5.6
4.86
2.84
2.98
5.48
5.72
5.14
5.1
4.76
5.16
6.12
5.86
5.4
5.12
5.38
5.26
5.86
5.98
5.68
3.24
5.7
5.12
5.72
5.7
5.8
5.14
7.62
5.7
7.28
6.58
5.5
5.42
4.1
5.94
6.18
5.56
5.5
5.48
5.12
2
5.64
5.4
5
4.96
5.32
5.3
4.72
5.72
5.34
5.34
4.46
3.56
5.2
5.22
5.58
5.6
5.2
5.4
6.48
5.52
5.5
2.12
5.54
5.6
5.52
5.44
6.86
6.1
7.68
3.72
6.8
5.94
5.42
5.2
5.2
5.62
4.84
5.28
2.56
4.76
2.74
5.02
5.68
4.48
5.48
5.22
5.5
6.36
5.22
4.94
4.42
4.9
5.3
5.48
7.06
5.04
3.8
5.9
2.62
4.62
2.5
4.58
5.6
6.68
5.56
5.06
5.02
5.52
6.3
5.42
6.36
5
5.2
5.58
5.2
5.8
5.82
6.04
7.44
6.4
4.94
5.02
6.24
2.94
6.02
5.76
5.7
5.76
5.32
5.74
7.14
5.7
5.38
5.06
6.14
5.32
5.84
5.46
5.86
5.22
5.36
4.98
4.54
5.18
5.04
4.68
5.54
4.44
4.42
6.32
4.84
6.34
5.2
5.34
3.82
5.94
5.7
5.86
4.96
5.86
4.88
4.32
5.38
4.98
7.12
4.34
5.64
8.08
5.34
5.16
7.34
5.6
5.4
4.54
5
6.12
5.38
5.56
5.48
5.94
5.32
6.12
5.1
4.26
5.46
5.34
7.88
5.36
5
4.6
6.38
5.48
5.8
5.34
2.72
4.74
5.12
6.24
5.34
4.24
4.84
5.14
5.22
5.84
5.54
5.12
5.44
5.36
5.94
6.04
4.42
5.74
5.68
4.88
6.1
3.94
5.24
4.98
5.26
3.1
5.14
6.84
4.92
5.44
4.64
6.62
5.74
5.32
6.08
5.28
7
5.12
5.58
5.62
6.16
4.72
5.12
4.72
6.04
5.64
5.42
5.48
6.14
5.42
5.14
5.06
5.08
6.18
4.88
5.42
5.6
7.38
5.04
4.52
5.34
1.82
7.38
5.72
5.36
6.1
5.58
5.9
5.08
1.7
5.24
6.22
5.28
5.06
5.58
5.08
5.64
5.26
6.04
5.7
6.64
4.9
5.54
5.32
4.66
5.58
7.66
5.78
5.74
5.22
6.22
2.5
5.82
6.3
5.68
5.84
4.94
6.6
5.62
5.54
5.4
5.32
5.72
5.38
6.22
4.04
4.72
6.46
5.5
5.32
6.18
5.44
5.02
5.74
4.06
6.44
6.44
5.12
5.38
4.62
5.82
4.38
6.22
5.36
5.6
5.46
5.22
2.74
5.32
5.98
5.34
5.8
5.54
4.84
5.52
5.92
5.8
5.26
5.68
5.38
5.26
5.2
5.1
5.1
5.52
4.76
5.82
5.36
5.62
5.36
5.06
5.84
6.04
6.1
4.52
4.52
4.4
5.72
5.28
4.96
6.5
6.08
6.3
5.06
5.24
5.08
5.42
3.46
5.86
5.2
2.8
6.14
5.2
5
6.14
5.3
5.32
4.6
5.06
4.44
6.48
6.38
3.58
5.72
5.12
5.14
4.52
6.46
6.98
6.02
5.1
4.8
5.26
4.76
6.74
5.88
2.44
2.36
5.84
5.34
5.6
5.34
4.98
5.62
5.32
5.28
5.24
4.5
5.36
6.4
4.52
5.28
5.32
5.5
5.9
6.06
5.26
4.88
6.24
3.66
4.88
5.44
5.98
5.62
5.56
7.6
5.62
4.98
5.36
5.1
6.36
4.54
6.24
5.4
2.3
5.4
3.46
5.46
5.02
6.08
5.24
5
5.4
5.34
5.74
5.22
6.08
5.16
5.08
5.2
5.02
6.1
5.36
5.86
5.72
5.08
6.28
5.42
5.28
5.88
4.8
5.72
4.92
5.6
5.48
5.72
5.22
5.06
6.74
5.6
5.66
5.66
6.34
3.54
5.62
5.26
7.02
4.04
4.92
6.52
5.48
5.28
6.42
5.56
5.2
5.26
5.8
6.8
5.5
5.5
6.12
3.74
4.56
5.84
6.76
6
5.84
6
4.84
5.56
4.72
4.18
4.94
5.44
5.56
5.56
6.28
5.7
5.56
5.11764705882353
7.28
6.38
5.32
5.02
6.26
5.74
4.46
2.98
3.88
5.76
5.62
5.74
6.3
5.16
6.3
5.5
5.1
5.96
5.74
5.2
5.58
5.48
5.12
5.24
2.1
6
6.24
5.5
4.22
5.42
5.14
5.08
5.62
6.22
3.76
5.62
4.88
4.9
5
5.24
5.94
5.48
5.58
4.46
5.66
5.68
5.5
5.4
5.38
5.74
6.26
5.84
5.7
5.52
5.36
5.96
5.14
4.66
5.12
5.78
5.22
5
5.08
2.92
5.3
5.2
5.04
6.64
5.28
5.18
5.34
4.08
7.34
6.5
7.14
5.16
4.78
5.46
6.5
5.74
6.84
5.74
4.58
5.32
7.5
5.18
5.5
5.64
5.02
5.96
5.36
6.18
4.88
4.14
2.62
5.9
5.8
5.28
5.72
3.66
5.36
5.22
6.42
7.2
5.6
5.16
5.2
5.18
4.74
4.02
5.46
6.18
5.3
6.5
5.2
5.1
5.84
5.8
5.06
5.68
4.74
5.7
4.92
5.52
5.66
4.48
5.78
6.72
5.34
6.62
6.24
4.96
4.42
6.32
5.8
5.58
5.34
5.28
5.24
5.94
5.68
6.42
2.78
5.2
5.44
4.94
3.54
5.36
6.02
4.64
7.36
5.14
4.76
6.96
5.08
5.08
2.92
5.16
5.26
4.96
5.14
4.94
5.66
5.68
5.1
5.48
5.02
5.06
5.64
5.48
5.78
4.96
5.24
5.58
5.58
5.4
5.58
5.48
6.62
6.12
5.4
6.82
5.64
5.28
5.38
1.98
5.42
5.02
4.7
5.16
4.88
5.88
6.28
5.46
5.72
5.76
6.2
5.04
5.54
3.82
5.34
5.3
6.42
4.6
5.5
5.12
3.74
4.82
5.08
6.74
4.76
6.86
5.26
5.26
5.98
4.46
5.3
5.76
7.58
5.48
5.44
6.78
4.64
5.06
5.78
7.16
5.22
5.9
6.38
4.74
5.42
5.88
5.66
5.7
5.38
5.18
5.62
2.84
5.36
6.2
5.74
3.82
2.14
5.14
5.18
5.54
5.42
6.98
5.04
5.26
6.1
5.74
7.32
5.06
5.2
5.34
5.84
2.06
1.64
5.62
8
5.78
5.36
3.9
5.4
5.42
4.46
4.98
6.48
5.88
4.74
4.88
5.08
5.12
5.42
5.9
4.34
4.84
5.64
6.16
7.28
4.88
3.82
5.4
5.72
5.84
2.98
5.68
5.28
4.9
4.84
5.56
5.4
5.44
5.08
5.16
5.28
5.44
3.1
5.08
5.24
5
3.52
4.88
6.76
5
5.38
5.04
2.8
4.96
4.88
5.36
4.7
5.74
5.06
4.74
5.3
5.64
5.3
4.9
5.04
2.46
5.04
6.1
5.46
5.36
5.56
5.62
6.58
6.62
5.36
4.98
5.36
6.38
5.48
5.56
4.96
7.12
5.98
5.72
4.2
5.52
6.48
4.94
5.82
5.12
5.28
5.48
6.22
5.46
5.14
5.3
5.96
3.3
5.7
5
7.2
5.24
4.52
4.92
5.44
5.22
7.16
4.98
6.14
5.52
5.34
6
5.26
6.32
2.68
5.96
6.9
5.14
5.26
6.98
5.62
7.4
5.48
5.68
6.04
7.32
5.58
5.74
4.32
5.4
6.14
4.02
5.9
5.2
5.16
5.86
5.48
5.84
4.24
5.26
4.8
5.34
4.04
3.76
4.92
4.64
6.34
5.18
5.68
5.12
5.08
5.22
5.28
5.68
5.54
5.34
3.84
5.64
5.66
5.58
6.04
6.02
5.74
5.1
6.34
5.44
5.46
5.1
5.6
5.56
5.54
6.52
4.38
5.52
4.72
5.78
4.56
5.2
6.06
5.86
5.22
5.42
5
5.98
4.82
6.9
7.14
5.62
5.4
4.78
6.38
5.18
4.86
5.32
5.16
5.62
5.78
5.48
5.66
3.26
5.72
5.9
3.32
4.52
5.68
5.92
5.38
6.04
6.16
4.64
5.16
5.52
5.24
5.06
5.9
6.18
5.52
6.12
4.4
2.76
5.18
4.44
5.38
5.6
4.88
5.08
5.28
4.96
5.3
5.02
5.48
3.06
5.1
5.86
6
5.16
5.84
5.58
5.14
5.14
5.18
3.66
5.82
5.62
6.36
4.92
5.68
5.5
5.08
5.16
5.22
6.36
5.78
7.04
5.14
4.84
5.58
5.32
6.26
2.1
5.12
5.76
5.1
5.4
5.76
5.36
2.6
7.38
5.68
6.16
5.26
6.1
5.82
5.3
5.3
5.48
1.96
5.38
5.52
4.36
5.66
6
6.06
5.84
6.5
7.36
3.14
2.04
5.46
4.6
1.66
5.7
5.5
7.98
3.92
5.76
5.18
5.16
4.84
4.62
6.46
5.86
5.38
4.88
5.36
5.28
5.6
6.16
6.14
5.42
5.78
8
6.08
4.9
5.24
2.62
4.76
5.16
6.58
5.46
5.94
5.3
5.9
6.12
7.26
5.64
5.64
4.92
6.28
5.12
5.06
5.72
6.02
4
5.22
5.5
2.96
5.96
4.68
5.5
5.1
6.18
5
4.86
6.04
4.84
2.86
5.44
5.52
5.42
5.4
6.2
5.88
4.8
6
6.56
3.98
5.36
5.42
5.58
5.54
5.82
5.42
4.64
5.2
5.36
6.02
5.34
4.84
7.22
5.26
5.24
4.74
5.92
5.16
2.9
5.42
5.38
5.22
5.6
5.52
5.76
7.88
5.94
4.82
6.82
5.04
5.72
5.34
5.2
6.46
6.66
5.02
2.34
6.16
5.4
4.44
5.2
6.78
5.56
5.86
4.02
4.64
5.28
6.2
5.4
5.6
5.26
4.16
5.6
5.32
4.56
4.84
6
5.78
5.28
7.48
5.2
5.7
5.46
5.66
5.78
6.68
5.44
4.88
2.72
4.86
5.5
3.52
4.94
5.2
4.94
5.18
5.12
5.16
5.78
5.74
4.16
6.38
7.2
5.7
5.98
5.64
6.7
3.52
2.9
6.76
5.5
6.94
6.02
5.76
6.36
5.98
5.08
3.52
6.32
4.84
5.54
4.88
5.14
4.54
6.42
7.18
5.38
5.58
5.02
5.02
6.06
5.38
5.08
5.68
5.2
5.56
4.96
4.66
5.88
4.9
5.56
5.38
5.56
5.14
5.22
4.18
5.56
5.44
2.5
7.06
5.14
3.96
3.58
6.4
5.18
5.4
5.2
5.38
4.34
5.2
4.28
5.44
4.48
4.9
6.16
5.78
4.8
5.6
4.24
5.1
5.82
4.28
6.3
5.32
5.14
4.94
5.2
5.3
5.56
5.12
6.7
5.58
5.7
5.12
6.42
5.68
5.3
5.46
6.26
5.26
5.62
4.62
4.04
4.86
4.96
5.02
6.04
5.82
4.72
5.98
4.96
5.4
2.98
5.3
4.8
3.04
5.42
5.72
5.28
7.3
5.04
5.64
5.16
6.34
4.42
5.46
5.92
7.28
2.84
6.04
5.5
5.32
5.82
5.72
5.42
5.74
5.78
4.92
5.2
5.28
2.62
5.1
6.1
5.78
6.22
5.2
4.66
4.52
4.86
3.98
5.36
5.24
5.74
5.32
4.2
5.68
4.94
2.9
6.28
5.64
5.08
5.52
6.74
5.36
5.54
4.88
4.24
5.7
4.98
6.48
4.76
5.32
5.68
6.12
7.14
5.66
5.94
4.46
5.92
5.36
5.28
1.98
5.94
5.56
4.98
6.98
5.36
4.96
6.22
5.56
2.22
7.6
6.3
4.3
3.54
5.56
5.44
5.28
5.36
5.3
6
5.82
5.14
5.32
5.52
5.52
5.24
4.7
4.86
2.74
6.4
5.1
2.72
6.58
5.2
5.68
2.2
5.12
4.84
5.28
6.64
4.54
5.28
5.78
5.1
5.82
5.58
5.44
5.1
4.96
6.2
4.74
5.82
5.12
5.64
6.1
3.38
5.66
5.74
5.52
6.54
5.64
4.4
5.78
5.5
4.2
5.02
6.1
5.46
6.92
5.72
5.44
5.38
1.84
5.74
5.18
5.24
6.06
6.9
5.32
4.92
5.22
4.26
5.02
5.9
4.18
6.44
6.08
5.6
5.48
4.54
5.12
5.46
4.26
5.92
5.68
5.44
5.4
5.36
5.28
4.78
4.74
5.62
5.98
6.18
5.42
3.66
5.06
5.3
3.16
5.24
6.7
5.5
5.04
4.04
4.7
5.98
5.68
5.84
6.24
4.88
5.58
5.26
5.08
3.52
6.3
6.1
5.88
5.5
5.64
4.32
5.3
2.62
6.82
5.24
5.06
4.86
5.58
5.88
4.34
5.62
5.26
5.4
5.46
5.96
5.82
5.58
4.78
5.38
5.7
5.4
5.26
1.76
3.78
2.98
5.24
3.78
5.8
3.84
5.46
6.48
5.62
5.62
5.44
7.88
5.24
5.04
5.56
6.14
5.52
5.64
5.22
5.84
6.02
5.08
5.98
5.32
5.38
5.64
5.44
6.82
5.2
5.4
5.54
5.66
6.8
5.8
4.84
5.34
5.36
2.7
5.84
5.94
5.34
6.06
5.22
4.98
6.16
5.3
4.68
5.1
5.3
5.58
4.2
6.18
5.2
5.88
5.34
3.2
5.2
5.18
5.1
6.1
5.36
1.96
6.2
6.06
6.64
6.7
6.48
5.16
4.64
4.94
5.22
5.32
4.2
4.8
5.1
5.14
6.68
5.76
5.36
5.16
5.68
5.18
5.76
5.4
4.98
4.2
3.5
5.74
5.54
6.36
5.24
5.12
4.98
5.18
5.84
6.78
5.44
3.42
4.92
5.2
5.74
5.74
5.22
7.86
5.48
6.86
5.94
6.32
5.88
4.94
4.74
5.18
5.86
5.2
6.1
5.82
5.7
5.68
6.62
2
5.6
5.08
6.26
6.48
5.26
5.22
5.44
6.92
5.54
5.18
5.5
5.6
5.02
5.36
6.82
3.76
5.22
6.72
5.22
5.28
5.84
5.64
5.18
6.24
5.82
5.58
4.64
5.56
4.04
5.06
5.8
5.38
4.28
5.24
5.88
6.1
4.92
5.62
4.42
5.58
7.36
5.28
6.76
5
5.36
6.14
5.58
5.14
5.2
4.84
5.16
4.58
5.74
5.22
5.38
5.18
7.38
5.66
6.02
5.58
5.04
6.92
5.26
3.52
6.1
5
5.94
5.08
5.66
4.26
4.96
5.36
5.18
5.34
5.22
5.58
3.68
5.94
5.42
5.46
5.6
5.5
5.14
5
5.54
5.36
5.94
5.68
6.78
5.1
3.96
5.38
4.94
5.56
1.82
5.36
5.68
7.14
1.76
5.36
5.12
5.64
5.14
5.34
4.78
5.34
5.46
5.42
5.12
5.52
5.2
5.08
4.64
5.88
6.1
5.26
5.64
5.06
5.74
6.08
5.16
4.82
5.3
4.36
6.04
5.98
5.24
5.58
5.3
5.86
5.58
6.82
5.18
5.92
5.14
4.16
6.08
5.58
5.04
5.32
5.78
3.1
5.32
4.58
5.54
6.08
5.04
5.2
4.64
4.64
6
5.28
4.9
4.16
5.48
5.08
5.04
1.62
5.72
4.98
5.6
3.92
4.6
4.28
7.58
5.34
5.88
5.44
1.78
7.4
5.82
6.24
3.42
5.08
5.5
5.18
4.98
5.32
5.02
6.1
4.94
5.38
5
5.62
5.04
3.18
6.16
5.56
5.78
5.46
5.56
2.78
5.22
6.06
5.18
5.16
6.74
4.72
5.3
5.22
4.74
4.96
5.14
5.26
5.7
5.94
5.06
5.14
5.2
5.9
5.32
5.86
4.84
5.28
5.08
5.16
5.1
5.56
5.06
6.3
6.24
6.1
3.54
5.16
4.66
5.02
5.5
4.66
5
5.18
5.82
5.12
5.04
5.7
5.3
5.46
4.42
5.9
4.96
2.52
5.28
5.42
5.22
5.06
4.9
4.92
4.84
4.98
5.22
5.12
5.04
5.56
3.44
7.22
5.06
5.36
3.94
5.66
5.66
5.68
4.78
4.28
5.28
8.2
5.68
5.74
5.32
4.4
4.74
5.6
5.34
7.12
4.98
5.2
4.92
6.16
4.36
4.42
5.44
5.82
5.22
5
5.18
5.8
5.06
5.1
4.7
5.5
5.74
4.7
4.82
5.88
5.2
4.9
6.3
5.56
5.24
4.64
4.82
6.54
5
6.16
3.76
5.56
5.88
5.46
6.16
5.48
5.36
5.1
5.46
5.14
4.92
5.4
5.56
5.22
5.1
5.24
6.34
5.28
6.68
5.32
6.08
5.06
5
4.9
5.38
5.26
6.04
5.22
6.12
6
4.8
5.18
5.34
6.06
5.94
5.12
5.28
4.3
5.24
6.96
5.26
5.46
4.78
4.92
5.4
5.34
5.52
5.16
5.94
6.22
5.6
6.68
5.52
5.3
4.98
4.96
4.82
5.38
4.82
2.28
5.72
5.58
5.76
5.42
5.28
5
4.84
5.62
5.32
6.12
5.22
5.84
6.62
5.24
6.86
5.58
5.32
6.08
6.32
5.66
4.96
5.86
5.7
4.74
6.44
5.7
5.98
5.08
5.32
5.54
5.3
5.72
5.04
6.04
5.86
4.88
3.54
5.94
5.46
5.68
5.18
6.96
5.48
2.84
4.54
5.06
5.02
5.32
4.5
7.16
5.24
5.06
6.16
5.2
5.5
5.64
5.58
7.08
5.16
5.3
3.8
5.5
5.78
5.1
5.1
4.9
3.46
4.56
6.16
5.34
4.96
4.46
5.2
3.34
5.38
5.42
6.38
5.46
5.46
5.18
6.52
3.46
5.54
4
5.72
4.96
7.18
6.08
5.26
3.12
6.2
5.3
5.32
5.3
4.24
5.06
5.48
5.64
5.14
5.48
5.72
5.66
4.78
5.58
4.7
4.7
5.6
5.44
5.26
3.86
5.62
5.64
5.48
6.4
5.68
5.14
6.12
5.14
2.94
5.18
6.04
5.76
5.26
6.8
5.68
5.5
4.96
3.74
5.8
5.66
5.88
7.8
5.1
5.92
6.52
5.58
5.6
5.32
5.02
5.22
5.6
4.04
5.64
4.36
5.24
5.92
4.94
4.42
5.44
6.1
5.04
6.94
5.08
6.8
6.12
5.16
4.92
5.08
5.62
5.88
5.86
5.6
4.92
5.56
5.88
5.86
3.48
5
5.36
5.48
5.48
4.32
1.36
6.42
6.06
5.14
6.04
4.4
3.72
5.32
5.46
5.58
5.22
5.64
5.52
5.12
5.22
4.92
4.96
4.96
5.96
5.9
5.32
5.34
5.88
6.38
5.58
5.7
5.78
4.14
6.58
2.68
5.56
5.8
5.66
5.74
5.34
5.56
5.92
5
5.2
5.3
4.02
5.64
6.16
3.22
5.38
3.28
2.56
5.24
5.54
4.8
2.84
6
5.26
5.14
6.14
5.12
6.28
5.58
5.24
5.86
5.42
5.46
4.84
6.06
5.5
5.5
7.82
5.14
5.32
5.28
5.56
5.6
5.3
5.3
5.12
5.32
4.88
5.42
5.26
5
5.8
5.38
6.14
5.2
5.96
4.94
5.2
5.06
5.86
4.3
5.18
5.96
6.28
6.16
5.1
6.5
6.82
5.18
5.78
5.3
5.3
5.76
5.82
6.22
6.06
4.16
5.74
6.08
6.48
5.36
5.76
5.06
6.36
5.18
5.08
6.28
6.6
5.22
5.32
5.3
5.1
6.1
5.2
5.32
5.4
5.04
4.46
6.3
5
5.2
6.94
5.08
4.7
5.26
7.36
3.56
5.2
6.06
3.18
5.36
5.1
5.44
5.16
6.18
4.66
5.2
5.42
6.48
5.1
5.8
5.94
5.94
5.04
5.7
5.5
5.56
6.3
7.5
7.24
4.64
4.22
4.58
7.84
5.36
6.32
5.06
5.08
6.74
4.66
5.42
5.5
3.36
4.94
4.82
4.68
4.66
3.12
6.52
5.54
5.46
5.28
5.54
5.14
6.64
5.8
5.02
5.7
6.76
6.18
6.1
5.12
5.34
6.12
7.04
4.32
6.1
5.32
6.7
5.54
4.18
7.14
5.62
5.26
5.22
5.16
5.28
5.82
1.86
5.16
5.36
5.36
5.38
5.14
5.2
4.7
5.44
5.44
5.3
5.26
4.98
5.52
5.28
5.48
8.12
5
6.02
5.24
5.32
5
5.14
5.54
1.68
6.3
5.36
5.52
4.78
5.8
5.38
5.08
5.7
6.3
5.5
5.6
5.36
5.54
5.34
4.86
6.08
5.04
5.06
5.2
5.86
5.54
